mx_out/species_projection_files_novel.asc
ncols         290
nrows         273
xllcorner     -87855.1146155433
yllcorner     -18027.3076111057
cellsize      2670.000000000001
NODATA_value  -9999
[rows 60 to 89 of 273, columns 68 to 135 of 290]
-9999 -9999 -9999 -9999 -9999 -9999 -9999 -9999 -9999 -9999 -9999 -9999 -9999 -9999 -9999 -9999 -9999 -9999 -9999 -9999 -9999 -7.45455E2 -9999 -9999 -9999 -9999 -9999 -9999 -9999 -9999 -9999 -9999 -9999 -9999 -9999 -9999 -9999 -9999 -9999 -9999 -9999 -9999 -9999 -9999 -9999 -9999 -9999 -9999 -8.49868E2 -8.04836E2 -7.91946E2 -7.92605E2 -8.16914E2 -8.24699E2 -8.47342E2 -8.3253E2 -8.18182E2 -9999 -7.94664E2 -7.46916E2 -7.68809E2 -9999 -9999 -9999 -9999 -9999 -9999 -9999
-9999 -9999 -9999 -9999 -9999 -9999 -9999 -9999 -9999 -9999 -9999 -9999 -9999 -9999 -9999 -9999 -9999 -9999 -9999 -7.45455E2 -7.45455E2 -7.38291E2 -7.40732E2 -9999 -9999 -9999 -9999 -9999 -9999 -9999 -9999 -9999 -9999 -9999 -9999 -9999 -9999 -9999 -9999 -9999 -9999 -9999 -9999 -9999 -9999 -9999 -8.39174E2 -8.40931E2 -8.35005E2 -7.71998E2 -7.62277E2 -8.02779E2 -8.02432E2 -8.40105E2 -8.08266E2 -7.87797E2 -8.20918E2 -8.25295E2 -7.845E2 -7.58155E2 -7.80944E2 -8.06694E2 -8.18044E2 -8.05524E2 -7.92573E2 -7.9957E2 -7.93388E2 -7.69968E2
-9999 -9999 -9999 -9999 -9999 -9999 -9999 -9999 -9999 -9999 -9999 -9999 -9999 -9999 -9999 -9999 -9999 -7.36364E2 -7.36364E2 -7.30062E2 -7.2237E2 -7.21613E2 -7.2265E2 -7.27116E2 -9999 -9999 -9999 -9999 -9999 -9999 -9999 -9999 -9999 -9999 -9999 -9999 -9999 -9999 -9999 -9999 -9999 -9999 -9999 -9999 -9999 -9999 -8.5029E2 -8.45432E2 -8.27036E2 -7.94974E2 -7.81141E2 -7.6884E2 -8.16666E2 -7.33445E2 -7.67254E2 -8.17666E2 -8.22758E2 -8.15073E2 -7.74762E2 -7.62079E2 -7.92289E2 -8.17111E2 -7.77555E2 -7.83361E2 -7.84969E2 -7.82786E2 -7.79408E2 -7.62844E2
-9999 -9999 -9999 -9999 -9999 -9999 -9999 -9999 -9999 -9999 -9999 -9999 -9999 -9999 -7.40372E2 -7.36364E2 -7.36364E2 -7.29075E2 -7.20224E2 -7.03185E2 -7.0371E2 -7.12375E2 -7.18182E2 -7.18182E2 -9999 -9999 -9999 -9999 -9999 -9999 -9999 -9999 -9999 -9999 -9999 -9999 -9999 -9999 -9999 -9999 -9999 -9999 -9999 -9999 -9999 -9999 -8.55842E2 -8.51361E2 -8.51511E2 -8.3621E2 -7.99799E2 -7.46436E2 -7.66744E2 -7.28222E2 -8.01018E2 -7.80727E2 -8.11082E2 -7.85213E2 -7.25957E2 -7.50198E2 -8.08358E2 -8.14114E2 -7.66997E2 -7.72248E2 -7.68023E2 -7.59964E2 -7.69795E2 -7.62306E2
-9999 -9999 -9999 -9999 -9999 -9999 -9999 -9999 -9999 -9999 -9999 -7.33392E2 -7.38829E2 -7.40798E2 -7.38558E2 -7.35858E2 -7.285E2 -7.18931E2 -7.09308E2 -7E2 -7.02167E2 -7.12095E2 -7.27056E2 -9999 -9999 -9999 -9999 -9999 -9999 -9999 -9999 -9999 -9999 -9999 -9999 -9999 -9999 -9999 -9999 -9999 -9999 -9999 -9999 -9999 -9999 -9999 -8.51177E2 -8.61354E2 -8.55777E2 -8.37286E2 -8.12355E2 -9.49961E2 -1.0877E3 -7.54072E2 -7.55293E2 -8.19147E2 -7.90197E2 -8.56609E2 -1.07123E3 -7.65163E2 -7.87093E2 -7.52482E2 -7.44313E2 -7.65354E2 -7.47939E2 -7.54986E2 -7.69878E2 -7.49328E2
-9999 -9999 -9999 -9999 -9999 -9999 -9999 -9999 -9999 -7.42102E2 -7.32198E2 -7.25421E2 -7.22927E2 -7.30723E2 -7.276E2 -7.18274E2 -7.18274E2 -7.17381E2 -7.08951E2 -7.10117E2 -7.18543E2 -7.24504E2 -7.36149E2 -9999 -9999 -9999 -9999 -9999 -9999 -9999 -9999 -9999 -9999 -9999 -9999 -9999 -9999 -9999 -9999 -9999 -9999 -9999 -9999 -9999 -9999 -8.54983E2 -8.31793E2 -8.27615E2 -8.2827E2 -8.19835E2 -8.21024E2 -8.80574E2 -1.03598E3 -1.16615E3 -7.88413E2 -7.53809E2 -8.05667E2 -7.44557E2 -7.32729E2 -7.61809E2 -7.70231E2 -7.36138E2 -7.59605E2 -7.69597E2 -7.59201E2 -7.72738E2 -7.6813E2 -7.40548E2
-9999 -9999 -9999 -9999 -7.27273E2 -7.30039E2 -9999 -9999 -7.49147E2 -7.42083E2 -7.31809E2 -7.17163E2 -6.98707E2 -7.06095E2 -7.0906E2 -6.91457E2 -7.01349E2 -7.11294E2 -7.22383E2 -7.33379E2 -7.30456E2 -9999 -9999 -9999 -9999 -9999 -9999 -9999 -9999 -9999 -9999 -9999 -9999 -9999 -9999 -9999 -9999 -9999 -9999 -9999 -9999 -9999 -9999 -9999 -9999 -8.57397E2 -8.31996E2 -8.02101E2 -7.73629E2 -7.37113E2 -7.81936E2 -8.13697E2 -7.38645E2 -1.13437E3 -1.09888E3 -7.18358E2 -7.63457E2 -7.6299E2 -7.79907E2 -7.74219E2 -7.84269E2 -7.77353E2 -7.77535E2 -7.82235E2 -7.81019E2 -7.8074E2 -7.68396E2 -7.53965E2
-9999 -9999 -9999 -7.44397E2 -7.32299E2 -7.25951E2 -7.43281E2 -7.44006E2 -7.41203E2 -7.43742E2 -7.36614E2 -7.30843E2 -7.21633E2 -7.02058E2 -7.08497E2 -7.0188E2 -7.11216E2 -7.23663E2 -7.38923E2 -7.48353E2 -7.53348E2 -7.48274E2 -7.48818E2 -9999 -9999 -9999 -9999 -9999 -9999 -9999 -9999 -9999 -9999 -9999 -9999 -9999 -9999 -9999 -9999 -9999 -8.46695E2 -8.4444E2 -8.45399E2 -8.63622E2 -8.44915E2 -8.64984E2 -8.55074E2 -8.4418E2 -8.04608E2 -7.80516E2 -7.78268E2 -7.54216E2 -7.5892E2 -7.49717E2 -9.60096E2 -1.28346E3 -1.01084E3 -7.53438E2 -7.84275E2 -7.82858E2 -7.91585E2 -7.89317E2 -7.69775E2 -7.609E2 -7.76938E2 -7.77046E2 -7.72727E2 -7.69192E2
-9999 -9999 -7.40151E2 -7.17716E2 -7.17726E2 -7.18061E2 -7.34241E2 -7.369E2 -7.27408E2 -7.38984E2 -7.51289E2 -7.45872E2 -7.35928E2 -7.19775E2 -7.12302E2 -7.20984E2 -7.26995E2 -7.31193E2 -7.41348E2 -7.46212E2 -7.46981E2 -7.45809E2 -7.45455E2 -9999 -9999 -9999 -9999 -9999 -9999 -9999 -9999 -9999 -9999 -9999 -9999 -9999 -9999 -9999 -9999 -9999 -8.37145E2 -8.3695E2 -8.34904E2 -8.35295E2 -8.36266E2 -8.20174E2 -7.98939E2 -8.05315E2 -8.07175E2 -7.86875E2 -7.60235E2 -1.24142E3 -1.10988E3 -8.61402E2 -7.6138E2 -9.27205E2 -7.43045E2 -7.3433E2 -7.54293E2 -7.47627E2 -7.51663E2 -1.021E3 -1.14954E3 -7.32528E2 -7.22878E2 -7.10577E2 -7.40821E2 -7.48103E2
-9999 -7.51139E2 -7.15136E2 -6.68913E2 -6.93608E2 -7.03196E2 -7.18872E2 -7.32562E2 -7.22953E2 -7.3488E2 -7.45373E2 -7.4355E2 -7.39858E2 -7.43436E2 -7.34031E2 -7.31285E2 -7.36167E2 -7.41146E2 -7.45165E2 -9999 -9999 -9999 -9999 -9999 -9999 -9999 -9999 -9999 -9999 -9999 -9999 -9999 -9999 -9999 -9999 -9999 -9999 -9999 -9999 -9999 -9999 -8.42108E2 -8.2598E2 -8.26924E2 -8.34649E2 -8.3489E2 -8.06587E2 -7.90197E2 -7.69572E2 -1.03036E3 -1.02409E3 -9.65662E2 -8.9315E2 -7.59879E2 -7.98497E2 -7.73613E2 -7.77473E2 -7.67682E2 -7.64297E2 -7.56307E2 -8.15707E2 -1.05677E3 -7.76919E2 -7.90575E2 -1.13061E3 -1.29528E3 -7.4413E2 -7.26984E2
-9999 -9999 -7.05837E2 -6.87634E2 -7.09303E2 -7.04929E2 -7.19521E2 -7.32211E2 -7.32669E2 -7.34359E2 -7.41456E2 -7.42573E2 -7.51909E2 -7.45455E2 -7.45455E2 -7.45455E2 -7.50775E2 -7.53815E2 -9999 -9999 -9999 -9999 -9999 -9999 -9999 -9999 -9999 -9999 -9999 -9999 -9999 -9999 -9999 -9999 -9999 -9999 -9999 -9999 -9999 -9999 -9999 -8.63636E2 -8.483E2 -8.36229E2 -8.18E2 -8.02613E2 -7.51233E2 -7.52074E2 -7.69134E2 -7.84313E2 -1.29892E3 -1.26092E3 -9.26331E2 -7.48152E2 -7.56891E2 -7.88247E2 -8.10088E2 -8.12184E2 -7.90828E2 -7.80695E2 -7.58954E2 -7.39235E2 -8.804E2 -8.80171E2 -9.88503E2 -1.01719E3 -7.21627E2 -7.42581E2
-7.39371E2 -7.4101E2 -7.34014E2 -7.17993E2 -7.12525E2 -7.1569E2 -7.28728E2 -6.88611E2 -7.35221E2 -7.169E2 -7.36553E2 -7.48935E2 -7.41772E2 -7.42257E2 -7.45344E2 -7.45553E2 -7.39014E2 -7.37545E2 -9999 -9999 -9999 -9999 -9999 -9999 -9999 -9999 -9999 -9999 -9999 -9999 -9999 -9999 -9999 -9999 -9999 -9999 -9999 -9999 -8.45455E2 -8.44201E2 -9999 -8.61148E2 -8.45565E2 -8.25505E2 -8.14835E2 -7.79831E2 -7.62575E2 -7.36364E2 -7.65431E2 -7.53627E2 -1.23461E3 -1.11576E3 -1.01594E3 -7.62477E2 -7.81763E2 -7.62215E2 -7.67642E2 -8.03237E2 -8.12307E2 -8.06359E2 -7.97463E2 -7.83128E2 -7.66241E2 -7.54134E2 -7.31134E2 -7.29772E2 -7.5671E2 -7.65128E2
-9999 -7.48909E2 -7.38125E2 -7.05528E2 -6.83474E2 -6.9028E2 -7.03471E2 -6.44104E2 -6.89055E2 -6.967E2 -7.41034E2 -7.06988E2 -6.81168E2 -7.10878E2 -7.44427E2 -7.54185E2 -7.38631E2 -7.20177E2 -9999 -9999 -9999 -9999 -9999 -9999 -9999 -9999 -9999 -9999 -9999 -9999 -9999 -9999 -9999 -9999 -9999 -9999 -9999 -9999 -8.48306E2 -8.38821E2 -8.51978E2 -8.48374E2 -8.26344E2 -8.09321E2 -8.16409E2 -7.69287E2 -7.59678E2 -8.06815E2 -8.11434E2 -7.88899E2 -7.47012E2 -7.70749E2 -7.59962E2 -7.64755E2 -7.70358E2 -7.98938E2 -7.57212E2 -7.56552E2 -7.82375E2 -8.09707E2 -8.24792E2 -8.11595E2 -7.9172E2 -7.75543E2 -7.58038E2 -7.66218E2 -7.77801E2 -7.77633E2
-9999 -9999 -7.23384E2 -7.43791E2 -7.20529E2 -6.7612E2 -6.97496E2 -8.04237E2 -6.86315E2 -7.03281E2 -7.17226E2 -6.80255E2 -6.80962E2 -6.81082E2 -7.04866E2 -7.09106E2 -7.36289E2 -9999 -9999 -9999 -9999 -9999 -9999 -9999 -9999 -9999 -9999 -9999 -9999 -9999 -9999 -9999 -9999 -9999 -9999 -9999 -9999 -9999 -9999 -9999 -8.53682E2 -8.12176E2 -7.5785E2 -7.85221E2 -7.8285E2 -7.78809E2 -7.79733E2 -7.50884E2 -7.75235E2 -7.90846E2 -7.93751E2 -8.05104E2 -8.02725E2 -7.77247E2 -9.46262E2 -7.68746E2 -7.94493E2 -7.75304E2 -7.68663E2 -7.8754E2 -8.13623E2 -8.22023E2 -7.97187E2 -7.84799E2 -7.85218E2 -8.02777E2 -8.01454E2 -7.94457E2
-9999 -9999 -9999 -7.64556E2 -7.62836E2 -7.3069E2 -7.16955E2 -7.00296E2 -6.92612E2 -7.00124E2 -7.03194E2 -7.09482E2 -7.16413E2 -7.26218E2 -7.44776E2 -7.09091E2 -9999 -9999 -9999 -9999 -9999 -9999 -9999 -9999 -9999 -9999 -9999 -9999 -9999 -9999 -9999 -9999 -9999 -9999 -9999 -9999 -9999 -9999 -9999 -9999 -9999 -8.33877E2 -7.50603E2 -7.40611E2 -7.88062E2 -8.31117E2 -8.02692E2 -7.59144E2 -7.59062E2 -7.39218E2 -7.41282E2 -7.90461E2 -8.24517E2 -8.18565E2 -8.08697E2 -8.15383E2 -8.34055E2 -8.33214E2 -8.13469E2 -8.02219E2 -8.12599E2 -8.25198E2 -7.96193E2 -7.85671E2 -7.84039E2 -7.98331E2 -8.11089E2 -8.21515E2
-9999 -9999 -9999 -7.61037E2 -7.48205E2 -7.19773E2 -7.03561E2 -7.25406E2 -7.51792E2 -7.30285E2 -7.27813E2 -7.66296E2 -9999 -9999 -9999 -9999 -9999 -9999 -9999 -9999 -9999 -9999 -9999 -9999 -9999 -9999 -9999 -9999 -9999 -9999 -9999 -9999 -9999 -9999 -8.35124E2 -8.43963E2 -9999 -9999 -9999 -8.40734E2 -8.44327E2 -9999 -7.74473E2 -8.60384E2 -8.33219E2 -7.94871E2 -7.53676E2 -7.43045E2 -7.59686E2 -7.68623E2 -7.69121E2 -7.91224E2 -8.03167E2 -7.98509E2 -8.01335E2 -7.84863E2 -7.81933E2 -8.06645E2 -8.14795E2 -8.14261E2 -8.36037E2 -8.39616E2 -8.00024E2 -7.98553E2 -7.94198E2 -7.93558E2 -8.03995E2 -8.20019E2
-7.58005E2 -7.59063E2 -7.66785E2 -7.50111E2 -7.33183E2 -7.29409E2 -7.37603E2 -7.47162E2 -7.69187E2 -7.76866E2 -7.81818E2 -7.72863E2 -9999 -9999 -9999 -9999 -9999 -9999 -9999 -9999 -9999 -9999 -9999 -9999 -9999 -9999 -9999 -9999 -9999 -9999 -9999 -7.96627E2 -8.23672E2 -8.29598E2 -8.28022E2 -8.40133E2 -9999 -9999 -8.31086E2 -8.17835E2 -8.18492E2 -7.75711E2 -7.6165E2 -8.03535E2 -8.24504E2 -8.07453E2 -7.78062E2 -7.65066E2 -7.71003E2 -7.64733E2 -7.6458E2 -7.66283E2 -7.58138E2 -7.98233E2 -9.97616E2 -7.46522E2 -7.77477E2 -7.92844E2 -8.06906E2 -8.20567E2 -8.44201E2 -8.56509E2 -8.46201E2 -8.35487E2 -8.1474E2 -8.15675E2 -8.16723E2 -8.24725E2
-9999 -7.61521E2 -7.62457E2 -7.3772E2 -7.34802E2 -7.52997E2 -7.62228E2 -7.63636E2 -9999 -9999 -9999 -9999 -9999 -9999 -9999 -9999 -9999 -9999 -9999 -9999 -9999 -9999 -9999 -9999 -9999 -9999 -9999 -9999 -9999 -7.95456E2 -7.78056E2 -7.83436E2 -8.15533E2 -9999 -8.3433E2 -8.30835E2 -8.10636E2 -8.1893E2 -8.05186E2 -7.97485E2 -7.68556E2 -7.4073E2 -7.78077E2 -7.9111E2 -7.6121E2 -7.98105E2 -7.75025E2 -1.11871E3 -1.16652E3 -1.09659E3 -1.25771E3 -1.08393E3 -1.45291E3 -1.40998E3 -1.1104E3 -9.16543E2 -7.77041E2 -7.82861E2 -7.63262E2 -7.57987E2 -7.92574E2 -8.32961E2 -8.49679E2 -8.47138E2 -8.35138E2 -8.43752E2 -8.57204E2 -8.57786E2
-9999 -9999 -7.80101E2 -7.53757E2 -7.60087E2 -7.7933E2 -9999 -9999 -9999 -9999 -9999 -9999 -9999 -9999 -9999 -9999 -9999 -9999 -9999 -9999 -9999 -9999 -9999 -9999 -9999 -9999 -9999 -9999 -9999 -8.09074E2 -7.81369E2 -7.67263E2 -7.96614E2 -8.28803E2 -8.41991E2 -8.25342E2 -7.91644E2 -7.90017E2 -7.53635E2 -7.54516E2 -7.59686E2 -1.03864E3 -1.39774E3 -7.38591E2 -7.56255E2 -8.14581E2 -8.14968E2 -7.82046E2 -1.41286E3 -1.82681E3 -1.79779E3 -1.62198E3 -1.51081E3 -1.35473E3 -1.30307E3 -1.24568E3 -1.10812E3 -1.05614E3 -1.18314E3 -1.15873E3 -9.12039E2 -7.75561E2 -7.52588E2 -7.7852E2 -8.11156E2 -8.44115E2 -8.53408E2 -8.50869E2
-9999 -9999 -9999 -9999 -9999 -9999 -9999 -9999 -9999 -9999 -9999 -9999 -9999 -9999 -9999 -9999 -9999 -9999 -9999 -9999 -9999 -9999 -9999 -9999 -9999 -9999 -9999 -9999 -9999 -8.31751E2 -8.12774E2 -7.91217E2 -7.95578E2 -7.95647E2 -8.13562E2 -8.3644E2 -7.90141E2 -7.62767E2 -8.21287E2 -1.32162E3 -1.06129E3 -8.03217E2 -8.34641E2 -8.76729E2 -9.15577E2 -8.66161E2 -7.7943E2 -7.66603E2 -1.41936E3 -1.56077E3 -1.50914E3 -1.85869E3 -1.18788E3 -1.21313E3 -1.40319E3 -1.34679E3 -1.35126E3 -1.25877E3 -1.10548E3 -9.46871E2 -8.22171E2 -9.30437E2 -1.28671E3 -8.08729E2 -7.92749E2 -8.14836E2 -8.24165E2 -8.40606E2
-9999 -9999 -9999 -9999 -9999 -9999 -9999 -9999 -9999 -9999 -9999 -9999 -9999 -9999 -9999 -9999 -9999 -7.90909E2 -7.90909E2 -9999 -9999 -9999 -9999 -9999 -9999 -9999 -9999 -9999 -9999 -8.40949E2 -8.37017E2 -8.2177E2 -8.17747E2 -7.8169E2 -7.7793E2 -8.21916E2 -7.97776E2 -8.09991E2 -9.21085E2 -1.13557E3 -1.58068E3 -1.33222E3 -1.19756E3 -1.29215E3 -9.71896E2 -8.49244E2 -1.08354E3 -1.14985E3 -1.08457E3 -9.1332E2 -8.17576E2 -1.30584E3 -1.07112E3 -7.91603E2 -9.69848E2 -1.41424E3 -1.26853E3 -1.14457E3 -9.96899E2 -9.98813E2 -7.6101E2 -7.88702E2 -7.71527E2 -8.07107E2 -8.2252E2 -8.33138E2 -8.56998E2 -8.73907E2
-7.92154E2 -9999 -9999 -9999 -9999 -9999 -9999 -9999 -9999 -9999 -9999 -9999 -9999 -9999 -9999 -8.09091E2 -8.00232E2 -7.56029E2 -7.20387E2 -7.40259E2 -7.90909E2 -9999 -9999 -9999 -9999 -9999 -9999 -9999 -9999 -8.36364E2 -8.24184E2 -8.08658E2 -7.98471E2 -7.82068E2 -7.61151E2 -7.72908E2 -8.15629E2 -8.12554E2 -7.47687E2 -1.04382E3 -1.04497E3 -1.12281E3 -1.03576E3 -1.0858E3 -1.35799E3 -1.55803E3 -1.67126E3 -1.86326E3 -1.6472E3 -1.20948E3 -1.23634E3 -9.81271E2 -7.54168E2 -7.85167E2 -7.81841E2 -1.00004E3 -1.31112E3 -1.65661E3 -1.60334E3 -7.63142E2 -8.52322E2 -8.00752E2 -8.17914E2 -8.60747E2 -8.78461E2 -8.88361E2 -8.99387E2 -9.00205E2
-9999 -9999 -9999 -9999 -9999 -9999 -9999 -9999 -9999 -9999 -7.90909E2 -7.61791E2 -9999 -9999 -9999 -9999 -7.94858E2 -7.3884E2 -7.07009E2 -7.40916E2 -7.81823E2 -9999 -9999 -9999 -9999 -9999 -9999 -9999 -9999 -9999 -8.07329E2 -7.82121E2 -7.64083E2 -7.34781E2 -1.01214E3 -1.05361E3 -8.08846E2 -7.61825E2 -7.64538E2 -7.76037E2 -7.47959E2 -8.07596E2 -7.57703E2 -7.77053E2 -9.58471E2 -1.07584E3 -9.27463E2 -8.29126E2 -1.05772E3 -9.70215E2 -7.83808E2 -8.93529E2 -7.83022E2 -7.98654E2 -8.1587E2 -7.52758E2 -1.40344E3 -1.58496E3 -1.19903E3 -7.88015E2 -8.14059E2 -8.38451E2 -8.68227E2 -8.92174E2 -8.99141E2 -8.98695E2 -8.92314E2 -8.77103E2
-9999 -9999 -9999 -9999 -9999 -9999 -9999 -9999 -9999 -9999 -7.95137E2 -7.49601E2 -7.77215E2 -7.45785E2 -9999 -9999 -7.9679E2 -7.43103E2 -7.00416E2 -6.967E2 -7.5238E2 -7.83393E2 -9999 -9999 -9999 -8.36364E2 -9999 -9999 -8.44752E2 -8.28253E2 -8.35068E2 -8.17113E2 -7.7186E2 -7.81445E2 -1.06851E3 -1.06472E3 -1.15136E3 -1.2314E3 -1.3551E3 -9.58937E2 -8.30566E2 -7.88452E2 -7.38983E2 -7.76572E2 -8.90661E2 -1.06622E3 -7.6434E2 -7.82098E2 -8.00302E2 -8.07848E2 -8.13523E2 -8.11903E2 -7.91554E2 -8.02893E2 -8.37213E2 -8.09123E2 -7.96247E2 -7.97335E2 -8.24404E2 -8.48494E2 -8.6705E2 -8.86721E2 -8.93083E2 -8.80422E2 -8.74131E2 -8.78731E2 -8.74945E2 -8.72727E2
-9999 -9999 -9999 -9999 -9999 -9999 -9999 -9999 -7.61978E2 -9999 -8.04806E2 -7.87329E2 -7.53803E2 -7.48366E2 -7.80058E2 -9999 -8.05085E2 -7.77549E2 -7.27684E2 -8.16962E2 -7.68931E2 -7.39991E2 -9999 -9999 -9999 -8.31614E2 -9999 -9999 -8.25277E2 -7.93806E2 -8.09783E2 -8.25248E2 -8.11931E2 -7.72578E2 -7.54309E2 -7.46791E2 -7.27802E2 -7.17238E2 -7.21509E2 -7.66987E2 -7.99175E2 -7.40487E2 -7.62636E2 -8.41195E2 -7.76365E2 -7.95391E2 -7.76756E2 -8.1871E2 -1.05649E3 -1.3278E3 -8.93285E2 -7.92357E2 -7.90624E2 -8.00025E2 -8.36038E2 -8.48617E2 -8.65447E2 -8.81674E2 -8.76524E2 -8.89749E2 -8.95629E2 -8.85658E2 -8.82335E2 -8.8205E2 -8.90667E2 -8.90137E2 -8.83843E2 -8.99096E2
-9999 -9999 -9999 -9999 -9999 -9999 -9999 -9999 -7.44943E2 -7.63616E2 -7.92581E2 -7.67981E2 -7.52379E2 -7.40327E2 -7.81404E2 -7.89926E2 -7.86436E2 -7.97581E2 -7.71629E2 -7.13627E2 -7.12359E2 -7.44981E2 -9999 -9999 -8.2802E2 -9999 -9999 -8.04297E2 -7.83525E2 -7.85214E2 -7.53522E2 -7.63148E2 -7.86999E2 -7.95823E2 -7.98741E2 -7.61961E2 -9.01603E2 -1.02764E3 -1.42681E3 -1.08971E3 -7.95005E2 -9.40836E2 -7.49797E2 -9.52709E2 -1.00039E3 -1.08165E3 -9.2791E2 -8.62714E2 -9.35545E2 -8.39185E2 -7.90593E2 -1.13462E3 -1.113E3 -1.04114E3 -8.28647E2 -8.00254E2 -8.28949E2 -8.58263E2 -8.81753E2 -8.99206E2 -8.96531E2 -8.89047E2 -8.95011E2 -9.06467E2 -9.12205E2 -8.9889E2 -9.12749E2 -9.30686E2
-9999 -9999 -9999 -9999 -9999 -9999 -9999 -7.72727E2 -7.61042E2 -7.55899E2 -7.62972E2 -7.98153E2 -7.83949E2 -7.6883E2 -7.60801E2 -7.51201E2 -7.66582E2 -7.91185E2 -7.96389E2 -7.79148E2 -7.64472E2 -7.30712E2 -9999 -8.14372E2 -8.12836E2 -9999 -9999 -8.00251E2 -7.84761E2 -7.53019E2 -7.32424E2 -1.01077E3 -1.03496E3 -7.71231E2 -8.06933E2 -7.7298E2 -1.03917E3 -8.74398E2 -7.72087E2 -7.77307E2 -7.82092E2 -8.24984E2 -1.16899E3 -1.61046E3 -1.56594E3 -1.43091E3 -1.28347E3 -1.39617E3 -1.43883E3 -1.2172E3 -1.25339E3 -1.22852E3 -1.15692E3 -1.13675E3 -9.10983E2 -7.71976E2 -8.015E2 -8.33665E2 -8.76568E2 -9.08928E2 -9.13646E2 -9.06312E2 -9.02138E2 -9.13788E2 -9.23528E2 -9.18097E2 -9.25345E2 -9.21946E2
-9999 -9999 -9999 -9999 -9999 -9999 -9999 -9999 -7.50964E2 -7.30272E2 -7.21717E2 -7.57516E2 -8.03034E2 -8.05265E2 -7.94914E2 -7.78501E2 -7.60613E2 -7.70994E2 -7.63876E2 -7.41501E2 -8.11583E2 -7.72496E2 -7.85928E2 -7.76725E2 -7.53048E2 -9999 -9999 -9999 -9999 -7.9399E2 -8.28483E2 -1.23397E3 -8.54444E2 -8.14984E2 -7.95155E2 -7.39519E2 -7.77595E2 -8.35824E2 -8.17094E2 -8.04319E2 -9.30373E2 -1.39418E3 -1.48375E3 -1.23808E3 -1.12506E3 -1.05023E3 -1.06344E3 -1.23001E3 -1.51788E3 -1.54049E3 -1.65273E3 -1.38062E3 -1.27597E3 -1.05159E3 -8.17675E2 -8.36993E2 -8.49583E2 -8.63935E2 -8.86172E2 -8.91887E2 -8.73295E2 -8.58739E2 -8.82125E2 -9.1674E2 -9.20871E2 -9.06919E2 -8.98444E2 -8.88991E2
-9999 -9999 -9999 -9999 -9999 -9999 -9999 -9999 -9999 -7.6017E2 -7.38454E2 -7.41085E2 -7.99612E2 -8.20681E2 -8.11882E2 -8.01367E2 -7.69547E2 -7.43158E2 -7.46458E2 -7.42151E2 -7.97907E2 -7.90564E2 -8.29348E2 -7.85353E2 -7.45412E2 -9999 -9999 -9999 -8.49541E2 -7.9928E2 -7.47211E2 -7.61336E2 -8.25447E2 -8.49669E2 -8.16785E2 -8.20836E2 -8.21479E2 -8.18479E2 -7.77623E2 -7.48219E2 -8.70192E2 -1.10354E3 -9.11101E2 -9.24535E2 -9.03053E2 -1.12471E3 -1.03853E3 -9.0643E2 -7.85948E2 -8.79064E2 -9.68681E2 -9.45606E2 -9.18044E2 -7.86687E2 -8.41538E2 -8.12993E2 -8.1916E2 -8.3308E2 -8.49024E2 -8.42886E2 -8.23846E2 -8.57189E2 -8.95169E2 -8.90994E2 -8.83201E2 -8.81881E2 -8.76292E2 -8.52716E2
-9999 -9999 -9999 -9999 -9999 -9999 -9999 -9999 -9999 -9999 -9999 -9999 -9999 -7.88764E2 -7.81858E2 -7.74966E2 -7.8787E2 -7.68805E2 -7.47078E2 -7.76061E2 -7.79755E2 -7.71172E2 -8.07491E2 -8.14354E2 -8.05977E2 -8.0438E2 -9999 -9999 -9999 -8.08138E2 -8.12557E2 -8.59284E2 -8.59565E2 -8.20701E2 -8.27147E2 -8.06844E2 -7.71403E2 -7.95312E2 -7.88503E2 -7.53563E2 -1.23658E3 -1.25999E3 -1.28244E3 -1.66318E3 -1.9274E3 -1.95449E3 -1.85749E3 -1.60683E3 -1.43939E3 -1.06412E3 -9.42929E2 -8.22657E2 -8.14515E2 -8.33459E2 -8.24997E2 -8.07022E2 -8.13746E2 -8.28111E2 -8.38827E2 -8.35104E2 -8.61712E2 -8.89152E2 -8.83086E2 -8.5591E2 -8.58033E2 -8.70712E2 -8.84356E2 -1.04338E3
