mx_out/species_projection_files_clamping.asc
ncols         290
nrows         273
xllcorner     -87855.1146155433
yllcorner     -18027.3076111057
cellsize      2670.000000000001
NODATA_value  -9999
[rows 210 to 239 of 273, columns 136 to 203 of 290]
1.68112E-2 1.01494E-2 1.31707E-2 2.09873E-2 2.19961E-2 1.65985E-2 6.76232E-2 6.16052E-2 6.94782E-2 1.38559E-2 2.63114E-2 3.72252E-2 3.39502E-2 2.93621E-2 2.18213E-2 2.42412E-2 3.10467E-2 2.77895E-2 2.11828E-2 6.8993E-2 5.64729E-2 7.28217E-2 7.97544E-2 7.328E-2 7.18231E-2 3.36434E-2 3.51552E-2 5.25606E-2 3.17937E-2 2.1111E-2 2.99663E-2 3.55801E-2 3.58698E-2 1.15396E-2 8.12384E-3 1.64854E-2 2.32397E-2 1.12955E-2 3.38065E-3 5.29716E-3 1.99698E-3 1.44012E-3 1.53466E-3 1.50172E-3 2.36109E-3 4.24679E-3 1.00696E-2 7.32768E-3 3.53518E-3 5.53729E-3 5.28436E-3 3.66576E-3 2.86611E-3 1.81416E-3 1.35569E-3 1.32611E-3 9.16681E-4 4.45384E-4 3.48451E-4 1.76059E-4 2.47625E-4 1.71565E-4 1.49222E-4 2.22944E-4 2.13055E-4 1.87695E-4 2.03147E-4 2.12019E-4
1.06495E-2 1.58336E-2 2.15955E-2 1.88072E-2 2.08888E-2 1.90263E-2 2.3095E-2 6.75105E-2 5.22885E-2 6.70418E-2 3.79634E-2 7.35965E-2 6.29795E-2 2.35598E-2 4.73714E-2 1.62317E-2 3.16637E-2 3.91256E-2 4.61257E-2 7.20189E-2 6.10893E-2 3.08569E-2 3.74148E-2 5.8796E-2 8.19902E-2 4.62482E-2 5.60721E-2 4.96828E-2 1.79545E-2 3.19802E-2 2.25155E-2 1.00702E-2 1.14795E-2 6.45924E-3 2.08687E-2 1.12044E-2 8.5258E-3 1.1737E-2 3.32695E-3 7.98053E-3 1.63925E-3 4.74835E-3 2.91233E-3 1.72845E-3 9.29151E-4 1.03587E-3 2.79761E-3 2.5955E-3 1.97128E-3 1.24626E-3 3.16675E-3 1.87845E-3 1.26679E-3 8.45904E-4 8.71802E-4 9.31335E-4 5.2712E-4 2.99768E-4 1.84406E-4 2.08778E-4 2.069E-4 2.10953E-4 9.48307E-5 1.85264E-4 1.27609E-4 9.71748E-5 1.8361E-4 4.17669E-4
1.21682E-2 1.68857E-2 1.28307E-2 2.04949E-2 2.04486E-2 2.44035E-2 9.93405E-3 1.69432E-2 6.66108E-2 3.92541E-2 7.26138E-2 4.96815E-2 4.29911E-2 5.22575E-2 5.24616E-2 8.22705E-3 1.76275E-2 3.35455E-2 6.73658E-2 4.87718E-2 7.88184E-2 7.99228E-2 6.77849E-2 6.66041E-2 7.95255E-2 5.50419E-2 3.81847E-2 3.07486E-2 2.3402E-2 2.82333E-2 3.3981E-2 2.69527E-2 2.97849E-2 2.64222E-2 4.42526E-2 3.38496E-2 7.7909E-3 6.91599E-3 3.90341E-3 6.73632E-3 5.55742E-3 3.51955E-3 1.69952E-3 3.30988E-3 1.5237E-3 1.46399E-3 1.52494E-3 1.29704E-3 2.95938E-3 1.37878E-3 6.05358E-4 1.0489E-3 7.08899E-4 4.36149E-4 5.7052E-4 5.53345E-4 4.22467E-4 1.39099E-4 1.26431E-4 1.53261E-4 1.70942E-4 1.96393E-4 1.04002E-4 1.47834E-4 1.50119E-4 1.86395E-4 1.76909E-4 3.82168E-4
2.26964E-2 3.27264E-2 1.87758E-2 1.49775E-2 1.56473E-2 1.38944E-2 1.45637E-2 2.24249E-2 3.96413E-2 6.96428E-2 4.22515E-2 3.51488E-2 1.43504E-2 6.83743E-2 3.14439E-2 2.8061E-2 3.07711E-2 5.09878E-2 6.87867E-2 5.70701E-2 6.29604E-2 7.26921E-2 7.19225E-2 6.61029E-2 5.16605E-2 4.23414E-2 3.71364E-2 2.67646E-2 2.06316E-2 2.47233E-2 2.47565E-2 3.8326E-2 3.56554E-2 4.05295E-2 3.70219E-2 1.94955E-2 7.9239E-3 4.89056E-3 9.7313E-3 6.67304E-3 4.35019E-3 1.91648E-3 2.45934E-3 3.15391E-3 3.93183E-3 2.17771E-3 1.02882E-3 1.0548E-3 1.40193E-3 1.25708E-3 8.3703E-4 6.22362E-4 5.44421E-4 5.25209E-4 5.35081E-4 3.76255E-4 6.35072E-4 1.66463E-4 2.16315E-4 1.0026E-4 2.20907E-4 2.07435E-4 8.65043E-5 1.61201E-4 2.58305E-4 4.64976E-4 5.37609E-4 6.15122E-4
1.88467E-2 2.67857E-2 1.64394E-2 2.00843E-2 1.92809E-2 2.60029E-2 6.1348E-2 5.77958E-2 6.72946E-2 7.24237E-2 5.09892E-2 3.09509E-2 3.60362E-2 7.20541E-2 7.96027E-3 1.30661E-2 1.93616E-2 5.03364E-2 5.46816E-2 7.03799E-2 7.45254E-2 8.19482E-2 7.25204E-2 6.28305E-2 6.91519E-2 4.58831E-2 3.66791E-2 2.86043E-2 3.27941E-2 2.38135E-2 1.69529E-2 2.62789E-2 4.22593E-2 2.99095E-2 3.71596E-2 1.51447E-2 7.16873E-3 5.55728E-3 8.63748E-3 6.13558E-3 2.89641E-3 2.93595E-3 4.88414E-3 4.25029E-3 3.59209E-3 2.47372E-3 2.33306E-3 1.16155E-3 1.52632E-3 2.38284E-3 1.76756E-3 6.42446E-4 8.85344E-4 1.0041E-3 5.70321E-4 3.72645E-4 1.92859E-4 2.07032E-4 1.29605E-4 2.16569E-4 2.02359E-4 2.01215E-4 1.65758E-4 2.15428E-4 2.78584E-4 3.1284E-4 4.67726E-4 2.89999E-4
2.1842E-2 1.71821E-2 1.16698E-2 2.58236E-2 3.00728E-2 7.72332E-2 4.68849E-2 3.92099E-2 2.05234E-2 4.43347E-2 5.84666E-2 3.76142E-2 1.65228E-2 1.71375E-2 1.10583E-2 2.14381E-2 3.14992E-2 4.92224E-2 7.08112E-2 7.41015E-2 6.61727E-2 7.3712E-2 5.2037E-2 4.76387E-2 7.00293E-2 5.2086E-2 7.19445E-2 5.4482E-2 3.46298E-2 2.23513E-2 2.18134E-2 2.53589E-2 2.78019E-2 2.87811E-2 2.51119E-2 3.66042E-2 1.48476E-2 1.50795E-2 3.73352E-3 8.83518E-3 4.35099E-3 2.48878E-3 4.37759E-3 4.56247E-3 3.61112E-3 2.12621E-3 2.40353E-3 1.4226E-3 3.14721E-3 1.42849E-3 1.3191E-3 1.15837E-3 7.97939E-4 6.00733E-4 4.64209E-4 2.93993E-4 2.37403E-4 1.961E-4 1.73471E-4 1.69863E-4 1.91832E-4 4.74209E-4 4.40965E-4 3.43397E-4 1.56987E-4 2.4716E-4 2.01951E-4 2.54941E-4
4.23185E-2 1.69894E-2 2.39987E-2 5.27112E-2 7.22872E-2 2.81668E-2 1.01325E-2 1.44882E-2 2.4763E-2 2.48509E-2 1.4267E-2 3.59428E-2 6.29976E-2 5.64996E-2 2.55235E-2 6.83573E-2 5.9054E-2 6.2425E-2 3.83611E-2 5.72835E-2 4.60705E-2 4.13885E-2 7.08956E-2 5.43578E-2 7.26911E-2 5.39462E-2 4.71256E-2 3.45447E-2 3.12555E-2 4.09252E-2 1.31562E-2 2.00458E-2 2.16995E-2 1.32237E-2 2.4458E-2 1.76408E-2 2.28941E-2 2.04456E-2 9.39899E-3 1.03692E-2 4.74337E-3 2.09348E-3 2.4576E-3 2.92049E-3 4.15587E-3 3.58174E-3 2.79668E-3 2.16556E-3 1.3573E-3 8.75432E-4 7.88658E-4 4.02782E-4 4.17373E-4 5.99162E-4 4.42736E-4 2.70624E-4 2.19518E-4 1.6296E-4 1.2822E-4 2.1423E-4 7.29517E-4 6.5837E-4 3.79915E-4 1.9904E-4 1.08425E-4 1.55394E-4 2.38908E-4 3.37877E-4
4.56434E-2 4.65904E-2 2.95061E-2 3.13585E-2 2.35934E-2 1.24911E-2 1.51991E-2 2.23654E-2 2.84285E-2 4.6288E-2 1.74039E-2 3.72085E-2 3.96923E-2 6.19402E-2 6.02085E-2 5.78015E-2 2.94302E-2 2.26923E-2 1.62123E-2 2.61205E-2 4.40405E-2 7.97532E-2 6.95132E-2 7.70974E-2 5.66047E-2 4.1748E-2 4.30614E-2 3.451E-2 2.80836E-2 4.81633E-2 3.12545E-2 2.38212E-2 3.97016E-2 2.99771E-2 1.9551E-2 1.2403E-2 3.39366E-2 2.2605E-2 1.24982E-2 1.50694E-2 5.09443E-3 2.29368E-3 2.19351E-3 2.38636E-3 1.97695E-3 3.33884E-3 3.96644E-3 5.24118E-3 1.77026E-3 6.17681E-4 4.83437E-4 2.03598E-3 2.27288E-3 2.08328E-3 1.04521E-3 3.27965E-4 1.95098E-4 1.69837E-4 3.11212E-4 4.91153E-4 8.11227E-4 4.17462E-4 2.39831E-4 1.55985E-4 9.63102E-5 1.04313E-4 1.23265E-4 2.44119E-4
4.00531E-2 4.01696E-2 3.77146E-2 2.80333E-2 1.62305E-2 3.31661E-2 2.18287E-2 2.3952E-2 5.02409E-2 2.45971E-2 5.88921E-2 3.28432E-2 8.03909E-2 7.92852E-2 7.25088E-2 3.50964E-2 7.16041E-3 8.82537E-3 1.36897E-2 2.79502E-2 6.0582E-2 8.85739E-2 7.99202E-2 8.41418E-2 7.32057E-2 5.99693E-2 3.86325E-2 3.68891E-2 4.56431E-2 3.04591E-2 5.47151E-2 3.92328E-2 2.73333E-2 3.55344E-2 3.86038E-2 2.88209E-2 2.14831E-2 2.66928E-2 3.84787E-2 8.89243E-3 4.84008E-3 8.49863E-3 3.43238E-3 1.60205E-3 6.37606E-3 3.12599E-3 3.28744E-3 3.64657E-3 8.59493E-4 2.29469E-3 8.99719E-3 3.92923E-2 1.04382E-2 2.27077E-3 6.31535E-4 3.13779E-4 3.00466E-4 3.09092E-4 4.51778E-4 9.05234E-4 7.04276E-4 5.15351E-4 2.38598E-4 1.57123E-4 1.16659E-4 7.80862E-5 1.18269E-4 1.66698E-4
3.45977E-2 1.94973E-2 1.90331E-2 8.65796E-2 8.21238E-2 6.9251E-2 6.14178E-2 6.92838E-2 5.76815E-2 6.51954E-2 5.87075E-2 5.10405E-2 6.41924E-2 4.13695E-2 3.14004E-2 3.54331E-2 7.04015E-3 1.30258E-2 1.47751E-2 2.72177E-2 5.01214E-2 6.69135E-2 6.57523E-2 7.13696E-2 4.83311E-2 3.43378E-2 1.71393E-2 5.31196E-2 7.35998E-2 6.11074E-2 5.16841E-2 3.54478E-2 2.78705E-2 3.92865E-2 3.66441E-2 3.53698E-2 2.93035E-2 5.21933E-2 2.33333E-2 1.68009E-2 1.28582E-2 4.02927E-3 2.81052E-3 1.77669E-3 3.38598E-3 3.93587E-3 6.85448E-3 7.15805E-3 2.05322E-3 2.28274E-2 3.27165E-2 7.26863E-3 1.17558E-2 2.81254E-3 8.58036E-4 3.28797E-4 5.30726E-4 7.94227E-4 7.52348E-4 8.49196E-4 5.65471E-4 3.53624E-4 1.81585E-4 1.80439E-4 1.55906E-4 7.45425E-5 1.13622E-4 1.64776E-4
4.01725E-2 9.82806E-3 1.36345E-2 2.57646E-2 3.82093E-2 4.99048E-2 8.28031E-2 4.07151E-2 5.91414E-2 5.06518E-2 6.27365E-2 5.81389E-2 6.92879E-2 6.8184E-2 5.42987E-2 2.32009E-2 8.62939E-3 1.57672E-2 1.39962E-2 2.04158E-2 1.97968E-2 5.5605E-2 6.42896E-2 7.8624E-2 7.03096E-2 2.27157E-2 4.93867E-2 7.91472E-2 4.41724E-2 5.22817E-2 4.79499E-2 6.59726E-2 3.38457E-2 2.83167E-2 3.74352E-2 4.7258E-2 1.03675E-1 4.04871E-2 1.56222E-2 3.32406E-2 6.51227E-3 3.18378E-3 2.32198E-3 6.0063E-3 8.70384E-3 6.92118E-3 3.23613E-2 2.35641E-2 1.22949E-2 2.32632E-2 2.04799E-2 9.63665E-3 5.44101E-3 3.31472E-3 1.18316E-3 6.67241E-4 5.9139E-4 5.84586E-4 8.04208E-4 9.58972E-4 7.15846E-4 4.9245E-4 3.11898E-4 2.3769E-4 1.6359E-4 1.24485E-4 1.53723E-4 1.23532E-4
7.19778E-3 8.22178E-3 1.00291E-2 1.66391E-2 2.18054E-2 1.13629E-2 2.21415E-2 9.22344E-3 4.57384E-2 9.42403E-3 1.39747E-2 1.19541E-2 1.49145E-2 5.17122E-2 5.57767E-2 5.01237E-2 4.79142E-2 4.34359E-2 1.95496E-2 3.09197E-2 3.87757E-2 4.44556E-2 5.18531E-2 6.06751E-2 4.26922E-2 7.54415E-2 7.66237E-2 8.6106E-2 5.52013E-2 7.03363E-2 8.92433E-2 3.40599E-2 4.23056E-2 3.59139E-2 4.34493E-2 4.7091E-2 1.11438E-1 1.67245E-2 1.38611E-2 1.41744E-2 2.23736E-3 4.36362E-3 1.02518E-2 1.24222E-2 5.34977E-3 1.37341E-2 2.58112E-2 4.37508E-2 2.59055E-2 3.91444E-2 1.97158E-2 7.49728E-3 3.26253E-3 1.59639E-3 1.9947E-3 5.21111E-4 3.81106E-4 3.54297E-4 4.51606E-4 4.36971E-4 3.94536E-4 3.87506E-4 2.40647E-4 1.9908E-4 1.39543E-4 1.37522E-4 1.45734E-4 1.8114E-4
1.09721E-2 1.11484E-2 1.01078E-2 4.89164E-2 1.15668E-2 1.47961E-2 1.72415E-2 1.0261E-2 6.53721E-2 3.22829E-2 1.6235E-2 1.53794E-2 1.68834E-2 1.21445E-2 5.6331E-2 3.72954E-2 4.45499E-2 5.00045E-2 4.89159E-2 4.57197E-2 4.30539E-2 4.04732E-2 8.28475E-2 6.67071E-2 5.62405E-2 8.18105E-2 8.19639E-2 6.22547E-2 6.14547E-2 5.75161E-2 4.96683E-2 4.54066E-2 4.63361E-2 6.10885E-2 5.30106E-2 5.55749E-2 7.32941E-2 1.19016E-2 7.84324E-3 3.29946E-3 1.6076E-2 1.19317E-2 1.25753E-2 1.24501E-2 2.69977E-2 4.17619E-2 3.84866E-2 4.7593E-2 2.87846E-2 2.71781E-2 1.36781E-2 5.1061E-3 2.51765E-3 6.66784E-4 1.51702E-3 1.08616E-3 6.62928E-4 3.82065E-4 3.36051E-4 4.59335E-4 2.83467E-4 2.55431E-4 2.41033E-4 1.55182E-4 1.94344E-4 1.94893E-4 1.92369E-4 2.47706E-4
6.11445E-2 3.59495E-2 3.41813E-2 4.90392E-2 1.99994E-2 1.80769E-2 2.62901E-2 3.69054E-2 2.36967E-2 6.8871E-2 6.2622E-2 4.89655E-2 5.55054E-2 5.74545E-2 6.49176E-2 5.53323E-2 4.60469E-2 5.81452E-2 4.86015E-2 5.12247E-2 4.76727E-2 5.72251E-2 9.37029E-2 6.63698E-2 5.83147E-2 1.0067E-1 9.68095E-2 7.99934E-2 3.38069E-2 4.65177E-2 4.41948E-2 6.75176E-2 5.08493E-2 6.55972E-2 4.93505E-2 9.19834E-2 1.85842E-2 9.58569E-3 5.70542E-3 2.93398E-2 1.32473E-2 2.45514E-2 2.89567E-2 3.95584E-2 5.26058E-2 4.3886E-2 4.82632E-2 2.40638E-2 3.23188E-2 1.03531E-2 4.88309E-3 1.7334E-3 1.47436E-3 1.09792E-3 7.39243E-4 4.32384E-4 3.24327E-4 2.80147E-4 2.32798E-4 2.04921E-4 1.67353E-4 2.26595E-4 2.32521E-4 2.22166E-4 2.95268E-4 2.28705E-4 2.10919E-4 2.6236E-4
3.43728E-2 3.2812E-2 2.29762E-2 3.66715E-2 3.85573E-2 2.93862E-2 3.45965E-2 5.8458E-2 4.27048E-2 5.18188E-2 5.54437E-2 3.34322E-2 5.44902E-2 5.02279E-2 4.68292E-2 4.14134E-2 4.12458E-2 3.50656E-2 5.36042E-2 5.48912E-2 4.38079E-2 9.30834E-2 9.62915E-2 7.94179E-2 2.35133E-1 5.85453E-2 5.41951E-2 3.12158E-2 8.25401E-2 5.45402E-2 4.87256E-2 7.95611E-2 4.79151E-2 5.75324E-2 8.97397E-2 5.20152E-2 2.554E-3 9.51048E-3 2.82581E-2 2.00413E-2 2.39704E-2 2.20189E-2 2.71946E-2 5.58147E-2 4.56986E-2 3.73519E-2 3.32034E-2 2.1711E-2 1.41037E-2 5.33443E-3 2.27272E-3 9.83313E-4 8.92588E-4 3.30586E-4 4.50768E-4 3.63827E-4 2.14767E-4 1.40873E-4 1.21115E-4 1.56527E-4 2.04015E-4 2.84364E-4 3.20404E-4 3.01478E-4 5.25844E-4 4.52054E-4 3.27782E-4 3.57094E-4
2.88472E-2 2.50768E-2 3.11548E-2 2.42507E-2 2.32693E-2 1.46797E-2 4.50953E-2 2.89705E-2 4.09455E-2 4.60709E-2 4.41217E-2 4.55538E-2 4.1718E-2 6.4604E-2 5.26397E-2 4.64991E-2 4.97305E-2 2.60077E-2 4.81341E-2 4.45243E-2 4.14473E-2 5.23217E-2 1.00195E-1 1.19155E-1 1.99384E-1 5.50938E-2 4.88725E-2 5.40821E-2 6.21182E-2 4.44742E-2 5.8812E-2 7.20511E-2 2.19248E-1 1.31138E-1 4.33883E-2 3.96056E-2 4.47515E-2 7.11866E-2 1.9482E-2 2.06138E-2 3.41915E-2 2.08463E-2 2.73601E-2 3.36875E-2 2.64101E-2 3.02644E-2 2.43094E-2 8.39941E-3 3.94569E-3 2.37299E-3 1.42109E-3 8.22901E-4 5.48671E-4 3.74554E-4 2.29887E-4 2.19238E-4 2.48027E-4 2.0023E-4 1.88966E-4 2.67645E-4 2.10632E-4 3.57042E-4 3.87589E-4 3.2308E-4 7.25233E-4 7.93099E-4 5.8567E-4 7.49938E-4
2.11154E-2 2.88614E-2 1.35103E-2 3.8274E-2 3.78564E-2 4.08646E-2 5.79325E-2 5.17584E-2 6.44512E-2 5.42023E-2 5.87562E-2 4.82079E-2 4.35822E-2 3.63715E-2 5.58866E-2 3.85886E-2 4.15231E-2 2.51881E-2 3.65224E-2 4.17475E-2 4.19492E-2 4.64856E-2 8.66923E-2 2.82913E-1 3.23112E-2 6.09277E-2 7.06883E-2 6.76256E-2 6.23523E-2 4.56648E-2 5.08403E-2 1.78912E-1 1.2653E-2 9.10761E-3 3.48067E-2 5.22814E-2 4.45292E-2 2.87317E-2 2.46068E-2 5.77537E-2 4.55867E-2 3.62751E-2 3.18157E-2 3.04722E-2 2.72012E-2 2.25652E-2 1.11821E-2 5.76831E-3 2.52584E-3 1.55336E-3 9.7538E-4 5.88692E-4 4.22528E-4 3.62362E-4 2.70331E-4 1.8094E-4 2.6488E-4 2.18394E-4 2.0762E-4 3.95099E-4 4.07965E-4 5.28115E-4 6.75561E-4 6.85725E-4 7.44984E-4 8.91345E-4 1.0833E-3 1.34586E-3
2.44468E-2 3.41482E-2 2.78863E-2 4.33813E-2 1.95833E-2 3.76203E-2 4.97557E-2 4.43649E-2 4.7644E-2 5.20286E-2 4.17642E-2 5.04403E-2 3.05785E-2 3.20793E-2 4.84944E-2 3.54003E-2 4.13575E-2 3.52997E-2 3.50335E-2 4.36221E-2 1.18326E-1 2.16265E-1 1.97749E-1 5.2691E-2 4.15585E-2 6.33829E-2 6.84862E-2 6.82698E-2 7.54634E-2 2.50231E-1 1.98514E-1 1.41322E-2 1.88428E-2 4.07507E-2 1.417E-1 1.38666E-1 1.74225E-1 3.08323E-2 4.11398E-2 4.73603E-2 5.19454E-2 4.63303E-2 3.25612E-2 2.5681E-2 2.77459E-2 1.41493E-2 8.8215E-3 3.67037E-3 2.30999E-3 1.51428E-3 1.34968E-3 5.3817E-4 4.2686E-4 3.72769E-4 5.15624E-4 2.81362E-4 4.99552E-4 5.64188E-4 6.08983E-4 6.65921E-4 7.57507E-4 5.97877E-4 4.78104E-4 8.02663E-4 9.27454E-4 1.82634E-3 3.61076E-3 1.50446E-3
1.43954E-1 2.45834E-2 9.30952E-3 5.01432E-2 5.33757E-2 3.94305E-2 4.5758E-2 4.02347E-2 5.33154E-2 5.46774E-2 4.07549E-2 5.24093E-2 3.96591E-2 4.26101E-2 4.26854E-2 3.57027E-2 3.72838E-2 4.49486E-2 4.58757E-2 7.80684E-2 1.89731E-1 4.95576E-2 1.47422E-1 1.82602E-1 2.0897E-1 2.07436E-1 1.94431E-1 7.90061E-2 -9999 4.81282E-3 1.37587E-2 6.69599E-2 4.16238E-2 3.83951E-2 5.10664E-2 4.10855E-2 5.50575E-2 2.1843E-2 4.28826E-2 5.46886E-2 4.21645E-2 4.33237E-2 3.57735E-2 2.52043E-2 1.69529E-2 1.00575E-2 5.68064E-3 8.15259E-3 3.91742E-3 3.1876E-3 1.62987E-3 6.15511E-4 1.07384E-3 9.2982E-4 7.03246E-4 6.48668E-4 7.37205E-4 8.42782E-4 1.58662E-3 1.73183E-3 1.64756E-3 1.22436E-3 1.48818E-3 1.49456E-3 3.35053E-3 1.97759E-3 2.96371E-3 4.68463E-3
9.72969E-3 5.12744E-2 4.16684E-2 3.89164E-2 5.43894E-2 5.68197E-2 3.65123E-2 4.35554E-2 4.41886E-2 5.73219E-2 5.26636E-2 4.11354E-2 3.55918E-2 4.01004E-2 3.41983E-2 3.64906E-2 4.81464E-2 7.02339E-2 1.94235E-1 2.0874E-1 2.4001E-2 1.65593E-2 1.95748E-2 1.69611E-2 1.56599E-2 2.02233E-2 -9999 -9999 -9999 6.79059E-3 2.24849E-2 1.07664E-1 6.07802E-2 5.60283E-2 5.24093E-2 2.53873E-2 1.94733E-2 3.03871E-2 6.3081E-2 4.46635E-2 3.50321E-2 3.37417E-2 2.04237E-2 2.45133E-2 2.85627E-2 1.34503E-2 9.58484E-3 5.7378E-3 5.77262E-3 4.69607E-3 4.29914E-3 2.68097E-3 1.65801E-3 1.6687E-3 1.3965E-3 1.83232E-3 3.80384E-3 5.26866E-3 5.93262E-3 1.13103E-2 1.10784E-2 9.12751E-3 1.6494E-2 1.1152E-2 8.19191E-3 5.32279E-3 9.63484E-3 7.00969E-3
-9999 1.32892E-2 1.09646E-1 7.31948E-2 1.09173E-1 1.6249E-1 1.64253E-1 9.37513E-2 8.02643E-2 6.6503E-2 6.40909E-2 1.19188E-1 6.70462E-2 5.73306E-2 2.16571E-1 1.59623E-1 1.69979E-1 6.91933E-2 2.89658E-2 5.24339E-3 1.61575E-3 -9999 -9999 -9999 -9999 7.86626E-3 1.30558E-1 1.33348E-2 5.84015E-3 3.19324E-2 9.79432E-2 3.78625E-2 8.58629E-2 7.65366E-2 2.86569E-2 1.97005E-2 3.35973E-2 4.23211E-2 4.76715E-2 2.94984E-2 3.18282E-2 3.37437E-2 2.15079E-2 1.91002E-2 3.28044E-2 1.61737E-2 7.97311E-3 1.07534E-2 1.06954E-2 7.35725E-3 3.084E-3 1.72681E-2 1.37666E-2 1.05896E-2 1.39808E-2 2.79575E-2 2.06031E-2 1.85886E-2 1.31579E-2 1.27399E-2 1.07809E-2 1.38043E-2 2.53798E-2 2.49039E-2 1.61905E-2 1.81901E-2 1.66685E-2 2.57197E-2
-9999 -9999 5.5972E-2 1.86859E-1 1.84035E-1 8.92149E-2 1.25856E-1 5.14095E-2 1.18451E-1 6.31712E-2 4.64123E-2 6.48855E-2 6.26382E-2 8.43398E-2 1.88394E-1 2.27905E-1 2.90875E-2 3.36711E-2 -9999 -9999 -9999 -9999 -9999 -9999 2.00208E-1 2.2275E-1 1.77265E-1 5.97828E-2 7.79389E-2 4.04924E-2 5.77885E-2 1.45211E-1 1.20367E-1 3.912E-2 4.51487E-2 3.13857E-2 3.24256E-2 6.12033E-2 6.38904E-2 3.20818E-2 5.58514E-2 3.36267E-2 3.07558E-2 3.25931E-2 5.43527E-2 1.59286E-2 1.24572E-2 1.19927E-2 7.67861E-3 1.16617E-2 2.16689E-2 1.80519E-2 2.26455E-2 2.93436E-2 2.8152E-2 2.57048E-2 2.79062E-2 2.38685E-2 3.11192E-2 2.44155E-2 1.94711E-2 1.99879E-2 2.09085E-2 1.64049E-2 1.71953E-2 2.25874E-2 2.44424E-2 2.01908E-2
-9999 -9999 -9999 -9999 -9999 3.80251E-2 7.13079E-2 7.79713E-2 1.09183E-1 2.31052E-1 2.19401E-1 1.34756E-1 1.42142E-1 8.42816E-2 2.30848E-1 1.2744E-1 -9999 -9999 -9999 -9999 -9999 2.27864E-3 3.46081E-3 2.10131E-3 2.08702E-2 2.55433E-2 6.63328E-2 1.48847E-1 3.81923E-2 4.81995E-2 2.03604E-1 1.20265E-1 1.19595E-1 2.01812E-1 1.73351E-1 2.74223E-2 6.44694E-2 6.599E-2 5.56863E-2 5.51233E-2 3.08176E-2 3.28136E-2 3.1275E-2 9.67206E-2 1.67037E-2 2.80262E-2 2.06389E-2 1.57663E-2 2.42534E-2 2.75715E-2 2.66246E-2 2.07635E-2 3.59873E-2 2.68892E-2 2.7252E-2 3.09582E-2 2.08828E-2 2.28091E-2 2.3126E-2 1.80057E-2 1.97136E-2 2.07338E-2 2.64444E-2 2.01262E-2 1.84262E-2 2.43902E-2 2.5627E-2 2.81553E-2
-9999 -9999 -9999 -9999 -9999 -9999 -9999 -9999 1.61594E-1 2.14909E-1 8.53382E-2 1.40585E-1 1.42593E-1 1.75824E-1 -9999 -9999 -9999 -9999 -9999 -9999 -9999 2.91033E-2 2.6001E-2 1.34853E-2 1.49434E-2 1.96655E-2 1.61918E-1 2.76817E-2 6.16811E-2 6.88464E-2 6.58228E-2 5.61095E-2 6.09794E-2 8.54734E-2 6.76996E-2 7.18443E-2 3.2408E-2 3.34788E-2 2.70441E-2 4.26915E-2 4.84726E-2 5.48227E-2 9.10761E-2 8.34542E-2 3.36709E-2 2.948E-2 2.31553E-2 2.59239E-2 3.50063E-2 3.34855E-2 4.16888E-2 3.32664E-2 3.29397E-2 3.57645E-2 2.74124E-2 3.13321E-2 2.7883E-2 1.99578E-2 2.44556E-2 2.66628E-2 3.32236E-2 3.27173E-2 2.052E-2 2.1455E-2 2.27745E-2 2.36743E-2 2.85057E-2 2.93609E-2
-9999 -9999 -9999 -9999 -9999 -9999 -9999 -9999 -9999 -9999 -9999 -9999 -9999 -9999 -9999 -9999 -9999 -9999 -9999 -9999 3.4166E-2 5.96211E-2 1.69576E-1 1.50989E-1 4.66294E-2 1.45062E-1 4.25928E-2 4.64746E-2 6.95882E-2 7.20724E-2 9.73867E-2 3.95897E-2 6.71545E-2 5.53662E-2 6.56551E-2 5.90684E-2 5.27166E-2 5.15542E-2 4.67257E-2 5.1008E-2 6.50415E-2 1.04074E-1 8.53565E-2 1.19418E-1 7.6696E-2 2.77882E-2 2.14047E-2 2.68742E-2 3.13463E-2 3.00956E-2 2.97764E-2 3.22257E-2 2.28147E-2 2.24719E-2 2.62952E-2 2.77328E-2 3.08603E-2 3.06996E-2 3.13438E-2 2.14493E-2 4.42221E-2 5.70633E-2 2.75136E-2 3.24054E-2 4.18325E-2 3.18914E-2 2.80593E-2 3.59287E-2
-9999 -9999 -9999 -9999 -9999 -9999 -9999 -9999 -9999 -9999 -9999 -9999 -9999 -9999 -9999 -9999 -9999 -9999 -9999 7.6886E-3 2.09387E-2 1.51532E-2 1.05924E-1 2.40858E-1 2.52503E-1 3.19802E-2 3.95423E-2 6.00249E-2 6.85999E-2 6.68401E-2 5.59086E-2 6.09613E-2 7.39184E-2 5.36454E-2 4.37497E-2 3.95143E-2 7.33802E-2 7.27092E-2 6.30787E-2 6.37534E-2 1.20417E-1 1.13124E-1 2.80861E-2 5.42327E-2 3.32436E-2 3.4103E-2 3.05055E-2 1.99653E-2 3.48293E-2 4.30417E-2 3.52623E-2 3.86705E-2 1.97363E-2 2.72583E-2 1.59767E-2 3.44537E-2 1.53521E-2 2.56308E-2 3.02013E-2 4.4819E-2 4.75943E-2 4.27277E-2 4.61683E-2 4.74934E-2 3.3229E-2 3.18699E-2 4.24775E-2 4.46986E-2
1.36184E-2 3.12503E-2 9.43937E-3 -9999 -9999 7.7001E-3 1.39195E-2 -9999 -9999 -9999 -9999 -9999 -9999 -9999 -9999 -9999 -9999 -9999 -9999 -9999 1.93993E-2 1.8602E-2 4.49175E-2 1.85972E-2 1.47668E-1 1.04202E-1 2.47945E-1 3.93459E-2 5.09757E-2 4.81856E-2 8.46486E-2 8.64985E-2 5.27208E-2 3.54574E-2 3.1454E-2 5.78137E-2 6.3442E-2 6.75514E-2 4.37701E-2 4.46762E-2 5.80224E-2 2.57147E-2 2.01103E-2 4.32004E-2 4.7402E-2 6.32282E-2 4.03563E-2 4.17868E-2 1.06343E-2 1.05265E-2 1.28298E-2 3.87313E-2 2.74095E-2 2.04547E-2 3.72659E-2 3.11038E-2 2.74E-2 3.32838E-2 3.6344E-2 4.09081E-2 4.27509E-2 4.55056E-2 3.48887E-2 3.20582E-2 3.46992E-2 3.50662E-2 3.68882E-2 3.69903E-2
2.17136E-2 4.28259E-2 2.30444E-2 4.16862E-2 3.37212E-2 4.82906E-2 5.50833E-2 5.78869E-2 1.47129E-1 2.54223E-2 1.60943E-1 6.04024E-2 4.07467E-2 1.70629E-2 7.41872E-2 7.54291E-2 5.20105E-2 2.95781E-2 1.08936E-2 7.70408E-3 1.30237E-2 1.60922E-2 2.04785E-2 1.79362E-2 3.26818E-2 1.80353E-1 5.24646E-2 8.24295E-2 6.68046E-2 4.69549E-2 5.37669E-2 5.88041E-2 7.01156E-2 7.6223E-2 7.9621E-2 5.08544E-2 6.48088E-2 5.33806E-2 2.87996E-2 2.59907E-2 3.3992E-2 5.07746E-2 4.16901E-2 2.13019E-2 2.46137E-2 1.89742E-2 2.88196E-2 4.37063E-2 4.26773E-2 2.33086E-2 2.63767E-2 2.82075E-2 3.29617E-2 1.91692E-2 1.79602E-2 2.97007E-2 3.30912E-2 2.97379E-2 3.09108E-2 2.67667E-2 2.08789E-2 2.50728E-2 3.35612E-2 2.63221E-2 2.45861E-2 1.84935E-2 3.40597E-2 2.852E-2
8.35526E-2 3.37372E-2 3.18516E-2 3.05841E-2 4.91162E-2 3.34514E-2 7.05601E-2 5.5412E-2 5.11951E-2 2.79472E-2 2.30891E-1 1.61801E-1 2.44555E-1 2.16321E-2 4.89732E-2 6.22858E-2 1.23883E-1 1.99422E-1 7.47464E-2 1.181E-2 1.4972E-2 2.58601E-2 6.07512E-2 6.34564E-2 1.24694E-2 2.46489E-2 2.23218E-2 2.08481E-2 1.09479E-1 7.66554E-2 2.09842E-1 4.55124E-2 4.60014E-2 5.58723E-2 6.49921E-2 7.12366E-2 6.23896E-2 6.14159E-2 3.65503E-2 4.53628E-2 6.6568E-2 6.86432E-2 5.78806E-2 5.99792E-2 5.27929E-2 5.94195E-2 4.98854E-2 5.24879E-2 4.10854E-2 3.94249E-2 3.73431E-2 3.53137E-2 2.28153E-2 1.95931E-2 2.94372E-2 2.00275E-2 3.66986E-2 3.16271E-2 3.02359E-2 4.23647E-2 4.38878E-2 3.99489E-2 4.20741E-2 2.9322E-2 2.85433E-2 2.74914E-2 2.72017E-2 3.86312E-2
4.04555E-2 3.51234E-2 7.61191E-2 8.32388E-2 7.7997E-2 8.64471E-2 4.65225E-2 5.99322E-2 6.32031E-2 7.03094E-2 5.59107E-2 6.60219E-2 5.07993E-2 4.7976E-2 4.62639E-2 4.53348E-2 5.01073E-2 4.49957E-2 1.91366E-1 8.1168E-2 1.96822E-2 2.07306E-2 2.57118E-2 9.39783E-2 2.99509E-1 2.27533E-1 9.45191E-2 6.18965E-2 1.11588E-1 5.57243E-2 2.02603E-1 6.98225E-2 7.15036E-2 6.01121E-2 4.56022E-2 5.16366E-2 3.6081E-2 3.6211E-2 6.34739E-2 5.82428E-2 4.89877E-2 5.23418E-2 5.15782E-2 2.48868E-2 4.59673E-2 6.87166E-2 6.6897E-2 6.03672E-2 6.33688E-2 4.50668E-2 5.35268E-2 3.82751E-2 2.74993E-2 2.70148E-2 1.98952E-2 1.20769E-2 4.05225E-2 5.19913E-2 3.0433E-2 5.02648E-2 4.6912E-2 2.41386E-2 4.62782E-2 3.35876E-2 3.43613E-2 2.0302E-2 3.02198E-2 3.93425E-2
