mx_out/species_projection_files_novel.asc
ncols         290
nrows         273
xllcorner     -87855.1146155433
yllcorner     -18027.3076111057
cellsize      2670.000000000001
NODATA_value  -9999
[rows 210 to 239 of 273, columns 204 to 271 of 290]
-1.04564E3 -1.04545E3 -1.04005E3 -1.04611E3 -1.05473E3 -1.06746E3 -1.06903E3 -1.06991E3 -1.06985E3 -1.06928E3 -1.07599E3 -1.08454E3 -1.08955E3 -1.08598E3 -1.08886E3 -1.08663E3 -1.07798E3 -1.08158E3 -1.08182E3 -1.07839E3 -1.07388E3 -1.07273E3 -1.07273E3 -1.07286E3 -1.07794E3 -1.09059E3 -1.10364E3 -1.10776E3 -1.10384E3 -1.098E3 -1.09001E3 -1.08482E3 -1.08147E3 -1.07292E3 -1.07273E3 -1.07273E3 -1.06751E3 -1.06602E3 -1.06435E3 -1.0593E3 -1.05538E3 -1.05089E3 -1.04303E3 -1.0372E3 -1.03601E3 -1.03768E3 -1.04469E3 -1.04379E3 -1.03698E3 -1.04551E3 -1.05404E3 -1.05455E3 -1.05455E3 -1.05455E3 -1.06031E3 -1.05744E3 -1.05905E3 -1.06681E3 -1.07099E3 -1.0644E3 -1.05683E3 -1.05942E3 -1.05399E3 -1.05075E3 -1.04519E3 -1.04207E3 -1.04182E3 -1.04157E3
-1.04237E3 -1.04738E3 -1.04808E3 -1.05297E3 -1.06085E3 -1.07119E3 -1.07397E3 -1.07273E3 -1.07412E3 -1.07713E3 -1.08117E3 -1.08762E3 -1.09363E3 -1.09121E3 -1.09176E3 -1.08167E3 -1.07675E3 -1.08134E3 -1.08525E3 -1.08214E3 -1.07821E3 -1.07714E3 -1.07727E3 -1.07979E3 -1.08388E3 -1.0898E3 -1.0982E3 -1.1039E3 -1.10161E3 -1.09389E3 -1.08988E3 -1.08152E3 -1.07595E3 -1.07294E3 -1.07273E3 -1.07273E3 -1.07083E3 -1.06575E3 -1.05935E3 -1.05544E3 -1.05093E3 -1.04316E3 -1.03445E3 -1.0286E3 -1.03043E3 -1.03655E3 -1.03821E3 -1.04542E3 -1.04503E3 -1.03703E3 -1.05238E3 -1.05432E3 -1.05411E3 -1.05435E3 -1.05509E3 -1.05562E3 -1.05583E3 -1.05944E3 -1.06364E3 -1.06135E3 -1.05617E3 -1.05455E3 -1.05333E3 -1.04545E3 -1.04539E3 -1.03687E3 -1.03636E3 -1.03636E3
-1.0379E3 -1.05228E3 -1.05664E3 -1.05923E3 -1.06434E3 -1.07584E3 -1.07844E3 -1.0772E3 -1.08146E3 -1.08715E3 -1.0919E3 -1.09484E3 -1.09492E3 -1.08671E3 -1.08203E3 -1.08555E3 -1.08567E3 -1.08233E3 -1.08588E3 -1.08672E3 -1.08332E3 -1.08458E3 -1.08636E3 -1.08415E3 -1.07971E3 -1.07846E3 -1.08366E3 -1.0896E3 -1.08758E3 -1.07995E3 -1.07981E3 -1.08176E3 -1.07324E3 -1.07273E3 -1.07273E3 -1.06789E3 -1.06618E3 -1.06026E3 -1.05157E3 -1.04749E3 -1.04005E3 -1.02717E3 -1.02072E3 -1.01951E3 -1.0211E3 -1.02823E3 -1.02809E3 -1.02848E3 -1.03626E3 -1.03639E3 -1.04379E3 -1.0454E3 -1.04575E3 -1.05182E3 -1.06055E3 -1.06471E3 -1.06436E3 -1.06364E3 -1.06364E3 -1.06364E3 -1.06235E3 -1.05696E3 -1.05682E3 -1.05126E3 -1.04588E3 -1.04049E3 -1.03999E3 -1.04023E3
-1.04133E3 -1.04831E3 -1.05628E3 -1.06467E3 -1.06896E3 -1.0752E3 -1.07888E3 -1.083E3 -1.08781E3 -1.08772E3 -1.08924E3 -1.09277E3 -1.09058E3 -1.08893E3 -1.08926E3 -1.09447E3 -1.09825E3 -1.08791E3 -1.0859E3 -1.08601E3 -1.08893E3 -1.09342E3 -1.09307E3 -1.08671E3 -1.08011E3 -1.07766E3 -1.0789E3 -1.08182E3 -1.08126E3 -1.07821E3 -1.07831E3 -1.07614E3 -1.07305E3 -1.07273E3 -1.06792E3 -1.06443E3 -1.06364E3 -1.05445E3 -1.04295E3 -1.03198E3 -1.02231E3 -1.01931E3 -1.01818E3 -1.01662E3 -1.01039E3 -1.0116E3 -1.01895E3 -1.01876E3 -1.02659E3 -1.03475E3 -1.03638E3 -1.04272E3 -1.05089E3 -1.05903E3 -1.06733E3 -1.07213E3 -1.06982E3 -1.06514E3 -1.06494E3 -1.06364E3 -1.06364E3 -1.06351E3 -1.06102E3 -1.06341E3 -1.05073E3 -1.04615E3 -1.04282E3 -1.04415E3
-1.03304E3 -1.03588E3 -1.0432E3 -1.05172E3 -1.06024E3 -1.06875E3 -1.07273E3 -1.07538E3 -1.07871E3 -1.08061E3 -1.08591E3 -1.08961E3 -1.09505E3 -1.1E3 -1.1E3 -1.1035E3 -1.11175E3 -1.10485E3 -1.10317E3 -1.10067E3 -1.10247E3 -1.10444E3 -1.10013E3 -1.09175E3 -1.0849E3 -1.08182E3 -1.08064E3 -1.07749E3 -1.08182E3 -1.08182E3 -1.08182E3 -1.0788E3 -1.07866E3 -1.07403E3 -1.06617E3 -1.06364E3 -1.05585E3 -1.04412E3 -1.03433E3 -1.02767E3 -1.02541E3 -1.02357E3 -1.01818E3 -1.01799E3 -1.01768E3 -1.02538E3 -1.02647E3 -1.0267E3 -1.02721E3 -1.03416E3 -1.04268E3 -1.04582E3 -1.04631E3 -1.05095E3 -1.05897E3 -1.06699E3 -1.07273E3 -1.07309E3 -1.07287E3 -1.06559E3 -1.06582E3 -1.06605E3 -1.0604E3 -1.06313E3 -1.05897E3 -1.04899E3 -1.03954E3 -1.04169E3
-1.0291E3 -1.0371E3 -1.04373E3 -1.05152E3 -1.05834E3 -1.06721E3 -1.07413E3 -1.07701E3 -1.07896E3 -1.08338E3 -1.09547E3 -1.1E3 -1.1E3 -1.1E3 -1.1E3 -1.10817E3 -1.11991E3 -1.1191E3 -1.12107E3 -1.11656E3 -1.11092E3 -1.10909E3 -1.10706E3 -1.1012E3 -1.09282E3 -1.08676E3 -1.08613E3 -1.08364E3 -1.08717E3 -1.08731E3 -1.08746E3 -1.0876E3 -1.08299E3 -1.0796E3 -1.07285E3 -1.06615E3 -1.05733E3 -1.04783E3 -1.0395E3 -1.03188E3 -1.02727E3 -1.02691E3 -1.02461E3 -1.01886E3 -1.02616E3 -1.02723E3 -1.0347E3 -1.04283E3 -1.03807E3 -1.04251E3 -1.05119E3 -1.05955E3 -1.06342E3 -1.06391E3 -1.06449E3 -1.06712E3 -1.07273E3 -1.07453E3 -1.08277E3 -1.07655E3 -1.07497E3 -1.07514E3 -1.07537E3 -1.0708E3 -1.06767E3 -1.05535E3 -1.04384E3 -1.04483E3
-1.03172E3 -1.0408E3 -1.04468E3 -1.04955E3 -1.055E3 -1.06533E3 -1.07683E3 -1.08533E3 -1.09091E3 -1.09242E3 -1.09796E3 -1.10339E3 -1.10327E3 -1.10001E3 -1.1E3 -1.11443E3 -1.1252E3 -1.12058E3 -1.11878E3 -1.11589E3 -1.11128E3 -1.11121E3 -1.11179E3 -1.10758E3 -1.10228E3 -1.09586E3 -1.09524E3 -1.09091E3 -1.09091E3 -1.09091E3 -1.0859E3 -1.08512E3 -1.08259E3 -1.07761E3 -1.0738E3 -1.06765E3 -1.05592E3 -1.04968E3 -1.04658E3 -1.03368E3 -1.02727E3 -1.02848E3 -1.03472E3 -1.03376E3 -1.03519E3 -1.03541E3 -1.04317E3 -1.05185E3 -1.0478E3 -1.05104E3 -1.05456E3 -1.05488E3 -1.05898E3 -1.06698E3 -1.07298E3 -1.07379E3 -1.07401E3 -1.07577E3 -1.08925E3 -1.09085E3 -1.08468E3 -1.08422E3 -1.08648E3 -1.08556E3 -1.07918E3 -1.0677E3 -1.05722E3 -1.05375E3
-1.02937E3 -1.03676E3 -1.04532E3 -1.04821E3 -1.05686E3 -1.06954E3 -1.07831E3 -1.0851E3 -1.08998E3 -1.08843E3 -1.09389E3 -1.10909E3 -1.10891E3 -1.10377E3 -1.10369E3 -1.11706E3 -1.12248E3 -1.1197E3 -1.11763E3 -1.11754E3 -1.11777E3 -1.11808E3 -1.1165E3 -1.11235E3 -1.10691E3 -1.09914E3 -1.09393E3 -1.08547E3 -1.08032E3 -1.0799E3 -1.07671E3 -1.07153E3 -1.06993E3 -1.0677E3 -1.07008E3 -1.07136E3 -1.06216E3 -1.05054E3 -1.04629E3 -1.04123E3 -1.03324E3 -1.02746E3 -1.02877E3 -1.02859E3 -1.03563E3 -1.03636E3 -1.0434E3 -1.04586E3 -1.05116E3 -1.05447E3 -1.05916E3 -1.06774E3 -1.06968E3 -1.06747E3 -1.07572E3 -1.08288E3 -1.08297E3 -1.08187E3 -1.08348E3 -1.09018E3 -1.09271E3 -1.09331E3 -1.09985E3 -1.09718E3 -1.08895E3 -1.08071E3 -1.07097E3 -9999
-1.03713E3 -1.04375E3 -1.05154E3 -1.05621E3 -1.06225E3 -1.07372E3 -1.08182E3 -1.08282E3 -1.08387E3 -1.08366E3 -1.09339E3 -1.10885E3 -1.10558E3 -1.10213E3 -1.10491E3 -1.10834E3 -1.11578E3 -1.11818E3 -1.12365E3 -1.12727E3 -1.12727E3 -1.12542E3 -1.12124E3 -1.11575E3 -1.10727E3 -1.09813E3 -1.08555E3 -1.08182E3 -1.07335E3 -1.07273E3 -1.07723E3 -1.0719E3 -1.06959E3 -1.07337E3 -1.07764E3 -1.07619E3 -1.06559E3 -1.05378E3 -1.05058E3 -1.04641E3 -1.04886E3 -1.03429E3 -1.02737E3 -1.02727E3 -1.03501E3 -1.04274E3 -1.04524E3 -1.04545E3 -1.05072E3 -1.0591E3 -1.06766E3 -1.07273E3 -1.07538E3 -1.08133E3 -1.08336E3 -1.09091E3 -1.09065E3 -1.08358E3 -1.09014E3 -1.09251E3 -1.09833E3 -1.10165E3 -1.10665E3 -1.10407E3 -1.0956E3 -1.08714E3 -9999 -9999
-1.04606E3 -1.04998E3 -1.05501E3 -1.0626E3 -1.07115E3 -1.0784E3 -1.08182E3 -1.07994E3 -1.07733E3 -1.08285E3 -1.08956E3 -1.10558E3 -1.10356E3 -1.09863E3 -1.10283E3 -1.10495E3 -1.11157E3 -1.11417E3 -1.11687E3 -1.1188E3 -1.11857E3 -1.11996E3 -1.12135E3 -1.11611E3 -1.10686E3 -1.09427E3 -1.08692E3 -1.08706E3 -1.07912E3 -1.08277E3 -1.08663E3 -1.08141E3 -1.07868E3 -1.08381E3 -1.08808E3 -1.0845E3 -1.07533E3 -1.06618E3 -1.05958E3 -1.05281E3 -1.0538E3 -1.04378E3 -1.04257E3 -1.04283E3 -1.03777E3 -1.04296E3 -1.05092E3 -1.05398E3 -1.05889E3 -1.06354E3 -1.06712E3 -1.07295E3 -1.07315E3 -1.07494E3 -1.08352E3 -1.09091E3 -1.09091E3 -1.09091E3 -1.09091E3 -1.0978E3 -1.1E3 -1.10562E3 -1.10909E3 -9999 -9999 -9999 -9999 -9999
-1.0556E3 -1.06353E3 -1.06635E3 -1.07151E3 -1.07865E3 -1.08182E3 -1.08182E3 -1.08182E3 -1.08182E3 -1.08182E3 -1.0833E3 -1.10012E3 -1.10859E3 -1.11226E3 -1.10981E3 -1.10519E3 -1.10476E3 -1.10749E3 -1.11129E3 -1.11334E3 -1.11345E3 -1.11361E3 -1.11239E3 -1.10791E3 -1.10322E3 -1.09615E3 -1.10104E3 -1.0966E3 -1.09316E3 -1.09135E3 -1.09492E3 -1.09092E3 -1.09117E3 -1.09553E3 -1.09717E3 -1.09404E3 -1.08574E3 -1.07744E3 -1.07021E3 -1.0681E3 -1.06166E3 -1.05337E3 -1.05305E3 -1.05323E3 -1.05258E3 -1.05329E3 -1.05424E3 -1.05905E3 -1.06343E3 -1.0671E3 -1.07564E3 -1.08182E3 -1.08189E3 -1.08338E3 -1.09091E3 -1.09091E3 -1.09091E3 -1.09214E3 -1.09262E3 -1.09777E3 -1.1E3 -1.10367E3 -1.10772E3 -9999 -9999 -9999 -9999 -9999
-1.06623E3 -1.07065E3 -1.07273E3 -1.07762E3 -1.08182E3 -1.08182E3 -1.08281E3 -1.08572E3 -1.08816E3 -1.08833E3 -1.0893E3 -1.10321E3 -1.10862E3 -1.11372E3 -1.1074E3 -1.10257E3 -1.09544E3 -1.0971E3 -1.10534E3 -1.1115E3 -1.11381E3 -1.11106E3 -1.1035E3 -1.1E3 -1.1E3 -1.10005E3 -1.10374E3 -1.10507E3 -1.10539E3 -1.10292E3 -1.10452E3 -1.10388E3 -1.10447E3 -1.10612E3 -1.10627E3 -1.10358E3 -1.09529E3 -1.087E3 -1.07964E3 -1.07952E3 -1.07123E3 -1.06958E3 -1.06351E3 -1.05648E3 -1.05997E3 -1.06269E3 -1.06738E3 -1.07186E3 -1.07235E3 -1.07553E3 -1.08182E3 -1.08208E3 -1.08367E3 -1.09154E3 -1.09175E3 -1.09196E3 -1.09218E3 -1.09931E3 -1.10053E3 -1.1E3 -1.10118E3 -1.10125E3 -1.10368E3 -9999 -9999 -9999 -9999 -9999
-1.07273E3 -1.07097E3 -1.06839E3 -1.07328E3 -1.08023E3 -1.08182E3 -1.08461E3 -1.09306E3 -1.10053E3 -1.10327E3 -1.1035E3 -1.10884E3 -1.10909E3 -1.10613E3 -1.09302E3 -1.08755E3 -1.08623E3 -1.08856E3 -1.09513E3 -1.10358E3 -1.10767E3 -1.10343E3 -1.09916E3 -1.09526E3 -1.09555E3 -1.10471E3 -1.10512E3 -1.1128E3 -1.11858E3 -1.12397E3 -1.12261E3 -1.11755E3 -1.11506E3 -1.11521E3 -1.11537E3 -1.11312E3 -1.10483E3 -1.09738E3 -1.09495E3 -1.0821E3 -1.07355E3 -1.07895E3 -1.07919E3 -1.07288E3 -1.07118E3 -1.07629E3 -1.08067E3 -1.08125E3 -1.07849E3 -1.07516E3 -1.08364E3 -1.09226E3 -1.10043E3 -1.10063E3 -1.10008E3 -1.10088E3 -1.10127E3 -1.10676E3 -1.1045E3 -1.10193E3 -1.10547E3 -1.10541E3 -9999 -9999 -9999 -9999 -9999 -9999
-1.0712E3 -1.07035E3 -1.06553E3 -1.06921E3 -1.07947E3 -1.08477E3 -1.08742E3 -1.09595E3 -1.10357E3 -1.10559E3 -1.10237E3 -1.09899E3 -1.09239E3 -1.08947E3 -1.08265E3 -1.08379E3 -1.08871E3 -1.09294E3 -1.09719E3 -1.1002E3 -1.09897E3 -1.09452E3 -1.09078E3 -1.09126E3 -1.09581E3 -1.10819E3 -1.1135E3 -1.12152E3 -1.12623E3 -1.13314E3 -1.13767E3 -1.13436E3 -1.12756E3 -1.12211E3 -1.11818E3 -1.11622E3 -1.10873E3 -1.10627E3 -1.1E3 -1.09628E3 -1.08855E3 -1.08889E3 -1.08943E3 -1.08877E3 -1.08866E3 -1.0895E3 -1.09016E3 -1.08735E3 -1.08415E3 -1.09244E3 -1.10002E3 -1.10077E3 -1.109E3 -1.10909E3 -1.10284E3 -1.10749E3 -9999 -1.10909E3 -1.10909E3 -1.10909E3 -9999 -9999 -9999 -9999 -9999 -9999 -9999 -9999
-1.06609E3 -1.07732E3 -1.08031E3 -1.08168E3 -1.08721E3 -1.09091E3 -1.09327E3 -1.10112E3 -1.1041E3 -1.0896E3 -1.07777E3 -1.07823E3 -1.06909E3 -1.07416E3 -1.08635E3 -1.09091E3 -1.09304E3 -1.09732E3 -1.1E3 -1.09705E3 -1.0898E3 -1.08558E3 -1.0828E3 -1.09106E3 -1.09497E3 -1.1031E3 -1.1114E3 -1.12364E3 -1.13092E3 -1.14163E3 -1.14653E3 -1.1413E3 -1.13287E3 -1.12635E3 -1.12447E3 -1.12311E3 -1.11569E3 -1.11566E3 -1.10739E3 -1.10088E3 -1.09853E3 -1.09834E3 -1.09852E3 -1.0987E3 -1.09072E3 -1.08276E3 -1.08867E3 -1.09927E3 -1.10125E3 -1.10877E3 -1.10909E3 -1.10909E3 -1.10909E3 -1.10909E3 -1.11552E3 -1.11466E3 -9999 -9999 -9999 -9999 -9999 -9999 -9999 -9999 -9999 -9999 -9999 -9999
-1.06805E3 -1.07669E3 -1.07849E3 -1.08124E3 -1.08801E3 -1.08702E3 -1.0848E3 -1.08538E3 -1.08878E3 -1.07252E3 -1.06193E3 -1.07129E3 -1.07557E3 -1.08299E3 -1.09152E3 -1.097E3 -1.10143E3 -1.10406E3 -1.10417E3 -1.10165E3 -1.09334E3 -1.08504E3 -1.0775E3 -1.08138E3 -1.09469E3 -1.10366E3 -1.12022E3 -1.13774E3 -1.14926E3 -1.15697E3 -1.15583E3 -1.14514E3 -1.13531E3 -1.13178E3 -1.12727E3 -1.12696E3 -1.12449E3 -1.11837E3 -1.11002E3 -1.1016E3 -1.1E3 -1.1E3 -1.1E3 -1.1E3 -1.09535E3 -1.08997E3 -1.09062E3 -1.09546E3 -1.11018E3 -1.11724E3 -1.10909E3 -1.10909E3 -1.10946E3 -1.10972E3 -1.10993E3 -1.11238E3 -9999 -9999 -9999 -9999 -9999 -9999 -9999 -9999 -9999 -9999 -9999 -9999
-1.07958E3 -1.08182E3 -1.08041E3 -1.07898E3 -1.07682E3 -1.07027E3 -1.06164E3 -1.05663E3 -1.07014E3 -1.07925E3 -1.07951E3 -1.07968E3 -1.08137E3 -1.09071E3 -1.10034E3 -1.10886E3 -1.11306E3 -1.1148E3 -1.11608E3 -1.11107E3 -1.10116E3 -1.08492E3 -1.07304E3 -1.08187E3 -1.10233E3 -1.12054E3 -1.14466E3 -1.16077E3 -1.17074E3 -1.17189E3 -1.16281E3 -1.15216E3 -1.14835E3 -1.14531E3 -1.13357E3 -1.13327E3 -1.1273E3 -1.11266E3 -1.10942E3 -1.10755E3 -1.10727E3 -1.09816E3 -1.09656E3 -1.1E3 -1.10274E3 -1.10988E3 -1.11594E3 -1.1167E3 -1.11785E3 -1.11795E3 -1.10956E3 -1.10951E3 -1.11688E3 -1.11881E3 -1.11902E3 -1.12124E3 -9999 -9999 -9999 -9999 -9999 -9999 -9999 -9999 -9999 -9999 -9999 -9999
-1.08182E3 -1.08182E3 -1.07605E3 -1.06635E3 -1.05688E3 -1.04932E3 -1.05389E3 -1.06467E3 -1.07092E3 -1.0902E3 -1.09394E3 -1.10009E3 -1.09756E3 -1.10375E3 -1.11294E3 -1.12155E3 -1.12613E3 -1.12669E3 -1.12459E3 -1.11713E3 -1.11018E3 -1.09088E3 -1.09133E3 -1.10857E3 -1.12175E3 -1.14522E3 -1.16725E3 -1.18316E3 -1.19101E3 -1.18602E3 -1.17348E3 -1.16436E3 -1.15906E3 -1.15247E3 -1.14205E3 -1.13631E3 -1.13402E3 -1.1241E3 -1.11192E3 -1.10909E3 -1.10909E3 -1.10721E3 -1.11065E3 -1.11559E3 -1.11634E3 -1.11531E3 -1.10823E3 -1.10211E3 -1.10982E3 -1.11787E3 -1.11818E3 -1.12558E3 -1.12727E3 -1.12727E3 -1.12727E3 -9999 -9999 -9999 -9999 -9999 -9999 -9999 -9999 -9999 -9999 -9999 -9999 -9999
-1.07977E3 -1.08034E3 -1.06925E3 -1.0495E3 -1.03821E3 -1.04965E3 -1.07537E3 -1.08842E3 -1.09167E3 -1.10032E3 -1.10899E3 -1.12207E3 -1.12536E3 -1.12555E3 -1.12873E3 -1.13369E3 -1.13801E3 -1.14014E3 -1.13749E3 -1.13031E3 -1.12502E3 -1.10939E3 -1.11804E3 -1.13049E3 -1.14745E3 -1.16775E3 -1.18929E3 -1.20519E3 -1.20812E3 -1.19776E3 -1.18432E3 -1.17606E3 -1.1678E3 -1.15955E3 -1.15131E3 -1.14306E3 -1.14298E3 -1.13567E3 -1.13101E3 -1.13042E3 -1.12229E3 -1.11269E3 -1.1131E3 -1.11818E3 -1.11588E3 -1.10809E3 -1.10064E3 -1.10104E3 -1.1175E3 -1.11817E3 -1.1182E3 -1.12508E3 -1.12727E3 -1.12727E3 -9999 -9999 -9999 -9999 -9999 -9999 -9999 -9999 -9999 -9999 -9999 -9999 -9999 -9999
-1.06858E3 -1.07291E3 -1.05746E3 -1.04528E3 -1.05053E3 -1.06953E3 -1.09263E3 -1.10356E3 -1.10903E3 -1.11435E3 -1.12524E3 -1.13686E3 -1.14243E3 -1.14375E3 -1.14596E3 -1.14803E3 -1.15028E3 -1.15641E3 -1.16089E3 -1.15271E3 -1.14386E3 -1.1273E3 -1.13159E3 -1.13975E3 -1.16226E3 -1.18476E3 -1.21215E3 -1.22704E3 -1.22233E3 -1.20549E3 -1.18632E3 -1.1752E3 -1.17131E3 -1.1634E3 -1.16083E3 -1.15259E3 -1.14645E3 -1.14367E3 -1.13848E3 -1.13636E3 -1.13046E3 -1.12487E3 -1.12491E3 -1.12599E3 -1.12405E3 -1.11838E3 -1.1244E3 -1.11708E3 -1.11813E3 -1.11818E3 -1.12517E3 -1.12727E3 -9999 -9999 -9999 -9999 -9999 -9999 -9999 -9999 -9999 -9999 -9999 -9999 -9999 -9999 -9999 -9999
-1.05161E3 -1.06362E3 -1.05871E3 -1.06232E3 -1.07663E3 -1.08964E3 -1.09889E3 -1.11227E3 -1.11235E3 -1.1154E3 -1.1279E3 -1.14155E3 -1.14905E3 -1.15299E3 -1.15911E3 -1.16529E3 -1.16903E3 -1.17431E3 -1.17939E3 -1.17072E3 -1.15826E3 -1.1416E3 -1.14104E3 -1.1485E3 -1.1703E3 -1.19559E3 -1.22016E3 -1.2337E3 -1.22641E3 -1.20515E3 -1.18607E3 -1.17162E3 -1.16637E3 -1.16322E3 -1.15156E3 -1.14839E3 -1.14595E3 -1.14545E3 -1.13959E3 -1.13636E3 -1.13548E3 -1.13473E3 -1.13236E3 -1.12727E3 -1.12708E3 -1.12644E3 -1.12726E3 -1.12675E3 -1.12691E3 -1.12009E3 -9999 -9999 -9999 -9999 -9999 -9999 -9999 -9999 -9999 -9999 -9999 -9999 -9999 -9999 -9999 -9999 -9999 -9999
-1.05045E3 -1.06609E3 -1.07809E3 -1.0848E3 -1.09393E3 -1.10356E3 -1.10684E3 -1.11505E3 -1.11798E3 -1.12313E3 -1.13096E3 -1.13926E3 -1.14184E3 -1.1447E3 -1.15122E3 -1.16095E3 -1.17286E3 -1.18399E3 -1.19013E3 -1.18429E3 -1.16357E3 -1.15102E3 -1.15014E3 -1.15356E3 -1.17001E3 -1.19351E3 -1.21643E3 -1.229E3 -1.22264E3 -1.20362E3 -1.18686E3 -1.17142E3 -1.16324E3 -1.15755E3 -1.14654E3 -1.14545E3 -1.14545E3 -1.14088E3 -1.13723E3 -1.13636E3 -1.13636E3 -1.13369E3 -1.12832E3 -1.1257E3 -1.11928E3 -1.11945E3 -1.12697E3 -1.12727E3 -1.12727E3 -1.12727E3 -1.12727E3 -1.12224E3 -1.12264E3 -1.1269E3 -9999 -9999 -9999 -9999 -9999 -9999 -9999 -9999 -9999 -9999 -9999 -9999 -9999 -9999
-1.06095E3 -1.07099E3 -1.07724E3 -1.0826E3 -1.09439E3 -1.1056E3 -1.10355E3 -1.10905E3 -1.11441E3 -1.11763E3 -1.12246E3 -1.12751E3 -1.13129E3 -1.13458E3 -1.14039E3 -1.15207E3 -1.16767E3 -1.17957E3 -1.18668E3 -1.18546E3 -1.16433E3 -1.15961E3 -1.15543E3 -1.15807E3 -1.16814E3 -1.18549E3 -1.20318E3 -1.2113E3 -1.2066E3 -1.19465E3 -1.18191E3 -1.16535E3 -1.15152E3 -1.14854E3 -1.14038E3 -1.1339E3 -1.13685E3 -1.13299E3 -1.12562E3 -1.1188E3 -1.11449E3 -1.11348E3 -1.11373E3 -1.12042E3 -1.12617E3 -1.12636E3 -1.13479E3 -1.12875E3 -1.12727E3 -1.12727E3 -1.12727E3 -1.12739E3 -1.12382E3 -1.12175E3 -1.12727E3 -1.12727E3 -9999 -9999 -1.10909E3 -1.10909E3 -1.10196E3 -1.11114E3 -1.11154E3 -1.10909E3 -1.10489E3 -1.10096E3 -1.10036E3 -1.09623E3
-1.06122E3 -1.06559E3 -1.068E3 -1.08001E3 -1.09279E3 -1.10077E3 -1.10596E3 -1.10588E3 -1.10873E3 -1.11372E3 -1.11473E3 -1.11464E3 -1.11974E3 -1.12802E3 -1.13786E3 -1.1502E3 -1.16191E3 -1.17017E3 -1.17678E3 -1.16863E3 -1.15978E3 -1.15514E3 -1.15084E3 -1.15605E3 -1.16125E3 -1.16961E3 -1.17709E3 -1.18068E3 -1.1793E3 -1.16775E3 -1.16212E3 -1.14529E3 -1.13369E3 -1.13309E3 -1.12021E3 -1.11976E3 -1.11788E3 -1.10682E3 -1.09836E3 -1.09303E3 -1.08964E3 -1.09983E3 -1.11566E3 -1.10904E3 -1.09529E3 -1.09457E3 -1.10156E3 -1.11492E3 -1.11252E3 -1.12028E3 -1.12719E3 -1.13077E3 -1.13206E3 -1.12664E3 -1.12643E3 -1.12597E3 -1.12279E3 -1.10681E3 -1.10571E3 -1.10679E3 -1.1035E3 -1.10663E3 -1.10909E3 -1.11042E3 -1.10859E3 -1.10149E3 -1.09716E3 -1.09413E3
-1.0532E3 -1.05961E3 -1.07179E3 -1.08423E3 -1.09204E3 -1.09726E3 -1.09992E3 -1.09696E3 -1.10171E3 -1.10498E3 -1.10806E3 -1.10909E3 -1.11205E3 -1.12038E3 -1.13276E3 -1.14546E3 -1.15567E3 -1.16019E3 -1.16338E3 -1.15046E3 -1.15007E3 -1.14627E3 -1.14198E3 -1.14026E3 -1.13684E3 -1.13623E3 -1.13977E3 -1.14354E3 -1.14214E3 -1.13016E3 -1.11943E3 -1.11269E3 -1.10375E3 -1.10253E3 -1.10256E3 -1.11332E3 -1.1046E3 -1.0895E3 -1.08394E3 -1.08825E3 -1.10104E3 -1.1158E3 -1.12565E3 -1.12344E3 -1.09238E3 -1.07659E3 -1.07476E3 -1.07512E3 -1.08529E3 -1.09631E3 -1.10413E3 -1.1084E3 -1.11056E3 -1.11628E3 -1.11566E3 -1.11409E3 -1.09911E3 -1.09303E3 -1.0926E3 -1.09806E3 -1.10451E3 -1.10807E3 -1.10909E3 -1.11161E3 -1.11321E3 -1.10987E3 -1.11175E3 -9999
-1.04855E3 -1.05914E3 -1.07282E3 -1.08111E3 -1.0879E3 -1.08859E3 -1.09684E3 -1.09137E3 -1.09091E3 -1.09523E3 -1.10268E3 -1.10553E3 -1.10732E3 -1.11698E3 -1.12912E3 -1.13736E3 -1.14973E3 -1.14579E3 -1.14152E3 -1.13284E3 -1.13202E3 -1.13167E3 -1.12493E3 -1.11322E3 -1.10521E3 -1.10293E3 -1.10792E3 -1.11501E3 -1.11007E3 -1.1053E3 -1.09453E3 -1.09981E3 -1.0973E3 -1.0971E3 -1.09924E3 -1.10332E3 -1.09336E3 -1.08626E3 -1.09154E3 -1.09508E3 -1.0952E3 -1.10458E3 -1.11249E3 -1.11933E3 -1.11534E3 -1.10726E3 -1.10002E3 -1.08157E3 -1.06312E3 -1.05964E3 -1.07104E3 -1.08135E3 -1.08305E3 -1.089E3 -1.08852E3 -1.08985E3 -1.09195E3 -1.09626E3 -1.09662E3 -1.09618E3 -1.09698E3 -1.09983E3 -1.10242E3 -1.10347E3 -1.10376E3 -1.10785E3 -1.11818E3 -1.11818E3
-1.04545E3 -1.04923E3 -1.05778E3 -1.06659E3 -1.07622E3 -1.0791E3 -1.08446E3 -1.08443E3 -1.08427E3 -1.08411E3 -1.09213E3 -1.09846E3 -1.10264E3 -1.10965E3 -1.1182E3 -1.12675E3 -1.13526E3 -1.12287E3 -1.11028E3 -1.10148E3 -1.10023E3 -1.10665E3 -1.10897E3 -1.10413E3 -1.10084E3 -1.09896E3 -1.10049E3 -1.10678E3 -1.10094E3 -1.10581E3 -1.10818E3 -1.10611E3 -1.10605E3 -1.1062E3 -1.10206E3 -1.10386E3 -1.10757E3 -1.11006E3 -1.11257E3 -1.11565E3 -1.11916E3 -1.11511E3 -1.11656E3 -1.10353E3 -1.10217E3 -1.09486E3 -1.08616E3 -1.08193E3 -1.08111E3 -1.07756E3 -1.06967E3 -1.06434E3 -1.06486E3 -1.06497E3 -1.06642E3 -1.08371E3 -1.09353E3 -1.08247E3 -1.07844E3 -1.078E3 -1.08222E3 -1.08332E3 -1.08148E3 -1.08602E3 -1.08947E3 -1.0981E3 -1.11116E3 -1.11068E3
-1.04545E3 -1.04314E3 -1.0402E3 -1.0456E3 -1.05832E3 -1.06355E3 -1.06624E3 -1.0719E3 -1.07273E3 -1.07514E3 -1.08758E3 -1.09748E3 -1.10169E3 -1.10235E3 -1.1042E3 -1.11613E3 -1.12141E3 -1.1081E3 -1.0875E3 -1.07854E3 -1.07374E3 -1.07898E3 -1.09276E3 -1.10204E3 -1.10181E3 -1.09738E3 -1.09592E3 -1.09872E3 -1.10047E3 -1.10389E3 -1.11208E3 -1.11468E3 -1.11515E3 -1.1153E3 -1.11372E3 -1.11443E3 -1.11688E3 -1.11818E3 -1.11818E3 -1.12011E3 -1.12704E3 -1.12567E3 -1.12584E3 -1.1238E3 -1.12402E3 -1.12392E3 -1.11871E3 -1.11605E3 -1.1128E3 -1.10524E3 -1.09745E3 -1.09138E3 -1.09074E3 -1.08403E3 -1.09219E3 -1.10696E3 -1.07547E3 -1.06452E3 -1.0626E3 -1.06274E3 -1.06673E3 -1.06953E3 -1.06899E3 -1.07446E3 -1.08246E3 -1.08776E3 -1.09262E3 -1.09888E3
-1.05259E3 -1.04914E3 -1.04303E3 -1.03803E3 -1.04636E3 -1.05488E3 -1.06051E3 -1.07374E3 -1.07607E3 -1.08235E3 -1.08991E3 -1.09281E3 -1.09655E3 -1.09969E3 -1.0975E3 -1.10207E3 -1.10666E3 -1.11298E3 -1.09203E3 -1.08292E3 -1.08168E3 -1.08212E3 -1.08471E3 -1.08821E3 -1.08617E3 -1.0807E3 -1.08044E3 -1.08175E3 -1.08949E3 -1.09438E3 -1.09728E3 -1.09991E3 -1.09999E3 -1.09955E3 -1.10281E3 -1.10841E3 -1.10874E3 -1.10227E3 -1.09722E3 -1.0982E3 -1.10532E3 -1.10481E3 -1.11125E3 -1.11805E3 -1.11926E3 -1.11908E3 -1.11849E3 -1.11818E3 -1.11804E3 -1.11798E3 -1.1161E3 -1.10909E3 -1.10909E3 -1.10909E3 -1.10909E3 -1.10825E3 -1.09004E3 -1.07364E3 -1.06371E3 -1.0627E3 -1.06576E3 -1.06402E3 -1.06185E3 -1.07102E3 -1.0791E3 -1.08786E3 -1.08278E3 -9999
-1.07174E3 -1.0614E3 -1.04831E3 -1.04034E3 -1.04736E3 -1.06947E3 -1.06953E3 -1.08236E3 -1.08269E3 -1.08328E3 -1.07666E3 -1.06925E3 -1.07518E3 -1.08954E3 -1.09479E3 -1.09549E3 -1.10005E3 -1.11371E3 -1.10145E3 -1.0962E3 -1.09875E3 -1.09703E3 -1.08777E3 -1.07952E3 -1.07331E3 -1.06761E3 -1.06748E3 -1.06785E3 -1.07097E3 -1.07385E3 -1.07864E3 -1.08846E3 -1.09521E3 -1.09713E3 -1.09874E3 -1.10116E3 -1.09908E3 -1.0906E3 -1.08529E3 -1.09192E3 -1.1E3 -1.1E3 -1.10122E3 -1.10222E3 -1.09667E3 -1.0985E3 -1.10573E3 -1.10962E3 -1.10943E3 -1.11153E3 -1.11668E3 -1.10933E3 -1.10953E3 -1.11031E3 -1.11008E3 -1.10496E3 -1.09783E3 -1.09449E3 -1.09071E3 -1.08393E3 -1.0791E3 -1.08029E3 -1.08036E3 -1.0641E3 -1.0724E3 -1.09666E3 -9999 -9999
