mx_out/species_projection_files_clamping.asc
ncols         290
nrows         273
xllcorner     -87855.1146155433
yllcorner     -18027.3076111057
cellsize      2670.000000000001
NODATA_value  -9999
[rows 90 to 119 of 273, columns 68 to 135 of 290]
-9999 -9999 -9999 -9999 -9999 -9999 -9999 -9999 -9999 -9999 -9999 -9999 -9999 1.37661E-2 2.13595E-2 3.13248E-2 6.81347E-2 4.7841E-2 3.10142E-2 5.46387E-2 7.32132E-2 3.52988E-2 1.16596E-1 3.29967E-2 3.07531E-2 2.6871E-2 -9999 -9999 -9999 7.59646E-2 2.08199E-1 2.04149E-2 3.88285E-2 2.59127E-2 4.8714E-2 4.21375E-2 2.22342E-2 3.54695E-2 2.39075E-2 2.82238E-2 2.37537E-2 2.56084E-2 3.13296E-2 4.01616E-2 3.22254E-2 4.27491E-2 1.24656E-2 1.60461E-2 1.09129E-2 1.44547E-2 1.60663E-2 1.6312E-2 1.83236E-2 1.26261E-2 2.38536E-2 1.89879E-2 3.29853E-2 2.29876E-2 5.36944E-2 4.35127E-2 1.90348E-2 1.13321E-2 1.34963E-2 1.47511E-2 1.34433E-2 9.07141E-3 1.29102E-2 1.97991E-2
-9999 -9999 -9999 -9999 -9999 -9999 -9999 -9999 -9999 -9999 -9999 -9999 -9999 -9999 1.55939E-2 3.02153E-2 2.6393E-2 3.29097E-2 2.73637E-2 4.11885E-2 4.12792E-2 2.85334E-2 2.94552E-2 1.8671E-2 2.20486E-2 1.21616E-1 4.60975E-1 4.02385E-1 9.34245E-2 3.0595E-2 9.02166E-3 1.64557E-2 2.87846E-2 1.52167E-2 1.19711E-2 7.14899E-2 8.05806E-3 1.4302E-2 2.41056E-2 1.78789E-2 2.25107E-2 2.13257E-2 3.2028E-2 2.0992E-2 1.66128E-2 1.57962E-2 1.4007E-2 1.71595E-2 1.47481E-2 1.80912E-2 1.53203E-2 7.26692E-3 1.02979E-2 1.55687E-2 2.05157E-2 1.52703E-2 1.32968E-2 1.26444E-2 4.39799E-2 9.76382E-3 1.07556E-2 1.41301E-2 1.36271E-2 1.03751E-2 7.71092E-3 1.88517E-2 2.75826E-2 3.12796E-2
-9999 -9999 -9999 -9999 -9999 -9999 -9999 -9999 -9999 -9999 -9999 -9999 -9999 -9999 -9999 2.464E-2 2.59701E-2 3.86852E-2 2.46064E-2 4.27016E-2 3.0075E-2 3.03848E-2 2.97641E-2 5.68076E-2 2.10595E-2 2.40002E-2 3.89691E-2 8.00161E-2 1.74791E-2 1.06566E-2 1.98183E-2 2.35584E-2 3.45185E-2 1.20995E-2 1.44479E-2 1.96747E-2 4.99497E-2 5.02597E-2 2.13965E-2 2.02077E-2 2.26215E-2 1.76867E-2 1.21487E-2 1.77721E-2 1.47914E-2 1.61093E-2 1.50269E-2 1.36082E-2 1.34199E-2 1.36097E-2 1.26363E-2 2.1461E-2 2.15548E-2 1.69672E-2 1.84192E-2 1.44297E-2 5.12896E-2 2.77184E-2 3.32314E-2 1.42668E-2 8.59948E-3 6.89846E-3 7.33595E-3 8.12524E-3 2.03961E-2 2.6159E-2 1.94023E-2 1.7117E-2
-9999 -9999 -9999 -9999 -9999 -9999 -9999 -9999 -9999 -9999 -9999 -9999 -9999 -9999 -9999 -9999 -9999 -9999 1.52186E-1 5.36339E-2 -9999 1.88969E-2 2.62944E-2 -9999 1.25673E-2 2.14693E-2 2.23589E-2 3.91096E-2 7.91136E-2 1.55782E-2 1.6762E-2 1.0569E-2 8.61181E-3 1.98171E-2 1.87344E-2 1.50303E-2 1.16288E-2 1.66276E-2 4.85634E-2 2.89774E-2 1.82614E-2 2.23781E-2 2.20636E-2 2.43523E-2 1.49001E-2 2.09526E-2 1.92787E-2 1.70392E-2 1.56757E-2 1.79901E-2 1.61637E-2 1.87024E-2 1.97578E-2 1.55457E-2 1.15036E-2 5.75905E-2 7.62075E-3 1.69591E-2 8.93226E-3 6.03365E-3 6.78682E-3 9.23362E-3 1.44717E-2 2.26392E-2 2.36702E-2 1.50324E-2 1.66655E-2 2.50778E-2
-9999 -9999 -9999 -9999 -9999 -9999 -9999 -9999 -9999 -9999 -9999 -9999 -9999 -9999 -9999 -9999 -9999 -9999 -9999 -9999 -9999 -9999 -9999 -9999 2.09718E-2 1.99893E-2 2.79425E-2 6.36946E-2 2.24029E-1 -9999 1.09666E-2 1.13312E-2 1.47905E-2 1.48099E-2 1.43733E-2 1.65795E-2 1.61736E-2 1.96019E-2 2.58077E-2 3.3155E-2 4.2161E-2 3.07299E-2 3.34775E-2 3.12148E-2 3.73527E-2 3.01166E-2 3.23014E-2 3.98132E-2 1.2982E-2 1.44785E-2 1.60383E-2 1.75499E-2 1.30677E-2 4.71861E-2 2.22982E-2 7.9546E-3 1.23454E-2 1.14794E-2 1.15198E-2 1.52916E-2 7.52294E-3 1.20541E-2 2.68253E-2 2.64879E-2 1.72646E-2 1.73423E-2 2.37364E-2 2.1648E-2
-9999 -9999 -9999 -9999 -9999 -9999 -9999 -9999 -9999 -9999 -9999 2.07577E-2 -9999 -9999 -9999 3.00487E-2 2.65897E-2 -9999 -9999 -9999 -9999 -9999 -9999 3.72016E-2 2.0504E-2 2.63346E-2 8.64128E-2 1.1928E-1 7.26542E-2 9.67729E-3 1.50647E-2 1.5248E-2 1.37483E-2 2.18031E-2 1.49172E-2 1.06213E-2 1.35063E-2 2.57075E-2 2.6576E-2 3.23574E-2 2.71012E-2 2.51529E-2 3.17013E-2 2.89554E-2 2.49225E-2 1.93791E-2 2.28337E-2 2.10244E-2 2.07647E-2 2.86736E-2 2.23007E-2 1.77495E-2 2.4786E-2 3.6768E-2 7.25136E-3 7.34145E-3 1.26062E-2 1.31963E-2 2.10784E-2 1.32357E-2 1.27368E-2 1.15396E-2 2.25532E-2 2.11636E-2 1.8415E-2 1.99969E-2 2.07696E-2 2.30088E-2
-9999 -9999 -9999 -9999 -9999 -9999 -9999 -9999 -9999 -9999 -9999 -9999 -9999 1.51553E-2 2.09587E-2 3.0427E-2 3.25643E-2 5.47112E-2 -9999 -9999 -9999 -9999 7.25144E-2 2.74991E-2 3.75859E-2 3.59435E-2 -9999 -9999 6.03994E-2 1.42657E-2 1.81458E-2 1.6761E-2 2.10566E-2 1.19554E-2 1.5853E-2 1.44807E-2 2.48254E-2 4.46698E-2 4.29248E-2 1.76853E-2 2.03743E-2 2.76851E-2 3.01402E-2 2.54167E-2 2.78983E-2 3.56361E-2 4.35557E-2 2.05685E-2 2.68025E-2 4.16689E-2 4.02925E-2 3.64573E-2 1.27294E-2 1.03682E-2 9.13938E-3 7.81326E-3 1.58094E-2 1.91912E-2 1.88647E-2 1.94404E-2 1.51202E-2 1.34999E-2 1.66538E-2 2.21859E-2 1.75993E-2 1.75711E-2 5.73429E-2 4.62295E-2
-9999 -9999 -9999 -9999 -9999 -9999 -9999 -9999 -9999 -9999 -9999 -9999 -9999 1.52443E-2 2.46885E-2 2.33802E-2 2.2126E-2 2.36951E-2 -9999 -9999 -9999 -9999 -9999 -9999 -9999 -9999 -9999 2.7544E-1 1.13374E-2 1.85347E-2 1.38885E-2 8.99533E-3 1.61112E-2 1.39175E-2 1.32116E-2 1.08883E-2 3.17198E-2 2.45796E-2 2.4187E-2 2.62167E-2 1.69947E-2 2.72542E-2 1.70649E-2 2.09449E-2 1.72837E-2 2.27319E-2 2.42671E-2 1.19513E-2 1.23241E-2 2.26966E-2 4.09356E-2 6.92457E-3 9.46573E-3 1.30664E-2 1.10802E-2 1.40198E-2 1.47436E-2 1.30258E-2 1.63408E-2 1.31442E-2 1.32541E-2 1.33761E-2 1.89265E-2 2.19855E-2 1.01551E-2 4.57946E-2 3.0877E-2 4.71371E-2
-9999 -9999 -9999 -9999 -9999 -9999 -9999 -9999 -9999 -9999 -9999 -9999 -9999 -9999 -9999 1.49227E-2 2.54493E-2 2.86336E-2 -9999 -9999 1.33633E-2 -9999 -9999 -9999 -9999 -9999 1.20965E-2 3.10333E-1 1.1039E-2 1.8093E-2 1.65917E-2 1.64128E-2 1.1616E-2 1.05796E-2 1.36188E-2 1.13181E-2 3.09897E-2 3.05659E-2 2.42019E-2 2.59938E-2 2.92965E-2 3.04961E-2 2.0682E-2 3.63825E-2 2.27543E-2 1.79735E-2 2.26109E-2 1.70811E-2 3.20906E-2 3.73964E-2 9.59362E-3 1.12093E-2 1.10738E-2 1.34517E-2 1.24932E-2 8.17036E-3 1.23113E-2 1.18692E-2 1.76504E-2 1.67725E-2 1.74174E-2 2.8643E-2 1.53805E-2 4.98477E-2 1.034E-2 3.49545E-2 9.36791E-3 2.03511E-2
-9999 -9999 -9999 -9999 -9999 -9999 -9999 -9999 -9999 -9999 -9999 -9999 -9999 -9999 -9999 -9999 -9999 -9999 -9999 3.16673E-2 2.2577E-2 -9999 -9999 -9999 -9999 1.20251E-2 1.00534E-1 2.57559E-2 1.30753E-2 1.88399E-2 1.97142E-2 1.96289E-2 1.21852E-2 1.33227E-2 1.2026E-2 1.23382E-2 2.20023E-2 1.70768E-2 1.95853E-2 1.54835E-2 1.96976E-2 1.91937E-2 1.60964E-2 1.92834E-2 2.18602E-2 2.86008E-2 3.8738E-2 2.51697E-2 2.67796E-2 9.03416E-3 1.21701E-2 1.01331E-2 1.09693E-2 1.34096E-2 1.50991E-2 1.37457E-2 2.48077E-2 2.29575E-2 2.52588E-2 3.60849E-2 2.65344E-2 1.07761E-2 2.08691E-2 6.80782E-2 3.47739E-2 8.46889E-3 1.32983E-2 2.32157E-2
-9999 -9999 -9999 -9999 -9999 -9999 -9999 -9999 -9999 -9999 -9999 -9999 -9999 -9999 -9999 -9999 -9999 -9999 -9999 2.85341E-2 -9999 -9999 -9999 -9999 -9999 3.02538E-2 8.78991E-2 1.33225E-2 2.50582E-2 1.09033E-2 2.62071E-2 1.72957E-2 2.81221E-2 2.11385E-2 2.02569E-2 2.83316E-2 1.60986E-2 1.2883E-2 1.05499E-2 1.12964E-2 1.3501E-2 9.90416E-3 1.26274E-2 1.38225E-2 1.66977E-2 1.54017E-2 2.25262E-2 3.91998E-2 1.77698E-2 4.04114E-2 1.29545E-2 1.22893E-2 1.4569E-2 1.46221E-2 1.86559E-2 2.76125E-2 2.16879E-2 1.20827E-2 1.24633E-2 2.1315E-2 1.43589E-2 1.46689E-2 2.57745E-2 5.52136E-2 1.07683E-2 1.8584E-2 2.07366E-2 1.64823E-2
-9999 -9999 -9999 -9999 -9999 -9999 -9999 -9999 -9999 -9999 -9999 -9999 -9999 -9999 -9999 -9999 -9999 -9999 -9999 -9999 -9999 -9999 -9999 -9999 -9999 -9999 6.16103E-2 1.3725E-2 7.81176E-3 1.00082E-2 1.12874E-2 1.25054E-2 1.82067E-2 1.39864E-2 1.71756E-2 1.71737E-2 2.32205E-2 1.49703E-2 1.92109E-2 3.98853E-2 1.61717E-2 1.6037E-2 4.12363E-2 3.70005E-2 4.86292E-2 2.31049E-2 2.38892E-2 1.27468E-2 1.44959E-2 8.96703E-3 1.46651E-2 1.96393E-2 2.21516E-2 1.09579E-2 1.33703E-2 1.55315E-2 8.77747E-3 1.65259E-2 2.39479E-2 2.21539E-2 2.06217E-2 1.49722E-2 2.0234E-2 4.03353E-2 1.48156E-2 2.05941E-2 1.8056E-2 1.56851E-2
-9999 -9999 -9999 -9999 -9999 -9999 -9999 -9999 -9999 -9999 -9999 -9999 -9999 -9999 -9999 -9999 -9999 -9999 -9999 4.65945E-2 1.89758E-2 1.12682E-2 7.5753E-2 4.14434E-2 2.02781E-2 1.97192E-2 2.85703E-2 1.82878E-2 1.65715E-2 1.51852E-2 1.37098E-2 1.20363E-2 1.84193E-2 2.28167E-2 1.10006E-2 1.61346E-2 1.78685E-2 1.56306E-2 1.16581E-2 8.62472E-3 7.86979E-3 1.21837E-2 2.75078E-2 2.39654E-2 1.42506E-2 5.60124E-3 1.04373E-2 1.87586E-2 1.11536E-2 1.73777E-2 1.87894E-2 1.31472E-2 2.15424E-2 1.38354E-2 1.97148E-2 1.12807E-2 1.11672E-2 1.94E-2 2.61888E-2 2.41913E-2 1.24846E-2 1.31505E-2 1.93366E-2 6.13032E-2 5.33912E-2 2.21997E-2 2.66271E-2 2.28186E-2
-9999 -9999 -9999 -9999 -9999 -9999 -9999 -9999 -9999 -9999 -9999 -9999 -9999 -9999 -9999 -9999 -9999 -9999 1.10395E-1 1.33731E-1 1.47146E-2 2.05328E-2 2.29922E-2 1.51969E-2 2.02159E-2 2.21602E-2 5.46332E-2 7.09397E-2 4.43658E-2 2.82842E-2 8.62793E-3 1.96271E-2 1.55653E-2 1.1123E-2 1.1979E-2 1.33247E-2 1.38119E-2 1.48449E-2 1.29408E-2 1.23323E-2 1.61803E-2 3.45691E-2 3.65498E-2 9.23258E-3 1.6267E-2 1.26744E-2 1.50725E-2 1.38548E-2 1.60087E-2 1.58251E-2 1.22833E-2 1.63864E-2 1.4064E-2 1.58521E-2 1.41159E-2 1.36611E-2 1.53779E-2 2.0501E-2 1.99888E-2 1.81075E-2 1.2891E-2 1.65703E-2 1.98852E-2 1.38381E-2 5.11134E-2 7.21055E-2 7.93205E-2 4.84813E-2
-9999 -9999 -9999 -9999 -9999 -9999 -9999 -9999 -9999 -9999 8.05571E-3 2.2583E-2 -9999 -9999 -9999 -9999 -9999 -9999 1.41331E-2 2.90328E-2 4.65577E-2 2.79814E-2 1.89159E-2 2.42889E-2 1.63254E-2 1.85497E-2 2.18429E-2 1.73771E-2 1.40101E-2 2.07638E-2 1.04129E-2 1.34352E-2 1.88972E-2 9.60904E-3 1.01938E-2 1.45122E-2 1.66248E-2 1.44276E-2 1.17127E-2 1.67253E-2 2.04464E-1 3.33803E-2 9.92219E-3 1.31869E-2 1.23002E-2 1.38034E-2 1.70004E-2 1.16328E-2 1.29663E-2 1.08459E-2 1.03622E-2 9.56792E-3 2.1868E-2 1.96596E-2 1.32966E-2 1.43696E-2 1.86878E-2 2.1274E-2 2.17537E-2 1.36526E-2 1.42465E-2 1.49415E-2 1.85156E-2 1.54419E-2 8.25532E-3 1.22977E-2 2.29147E-2 2.12459E-2
-9999 -9999 -9999 -9999 -9999 -9999 -9999 -9999 3.38529E-2 1.87008E-1 1.42433E-1 1.22035E-1 -9999 -9999 -9999 -9999 -9999 6.08169E-2 4.80578E-2 1.36975E-1 3.50102E-1 -9999 4.87353E-2 1.67238E-2 2.12729E-2 1.96602E-2 6.57232E-3 8.02523E-3 9.02171E-3 2.18904E-2 1.54044E-2 1.70042E-2 2.89717E-2 9.17742E-3 1.21627E-2 2.0787E-2 2.41605E-2 1.69043E-2 1.11945E-2 6.26558E-2 2.60898E-2 6.26832E-2 4.30821E-2 3.97777E-2 2.3377E-2 3.98539E-2 6.74923E-2 2.1963E-2 2.73831E-2 2.2227E-2 3.04354E-2 4.25335E-2 2.78123E-2 2.47333E-2 2.46663E-2 2.85867E-2 2.00047E-2 2.45363E-2 3.11814E-2 1.66231E-2 1.65199E-2 1.92218E-2 2.31967E-2 1.94908E-2 3.0976E-2 1.61598E-2 1.61618E-2 1.63582E-2
-9999 -9999 -9999 -9999 -9999 -9999 -9999 1.32537E-2 1.40028E-1 1.8631E-1 2.23194E-1 -9999 -9999 -9999 -9999 8.94501E-2 1.52573E-1 1.8091E-1 1.00308E-1 2.3345E-2 3.53204E-2 7.76121E-2 7.41571E-2 1.71991E-2 2.32831E-2 2.45104E-2 2.34364E-2 1.82853E-2 1.68447E-2 1.85916E-2 1.70871E-2 1.39824E-2 2.08155E-2 1.94208E-2 1.75837E-2 1.84933E-2 1.97825E-2 8.21962E-3 1.13146E-2 3.16862E-2 6.98827E-3 1.5248E-2 1.05782E-2 1.02456E-2 4.66748E-2 3.26945E-2 5.64629E-2 4.81285E-2 5.05012E-2 5.92282E-2 6.31565E-2 5.11684E-2 1.89632E-2 1.77077E-2 1.91093E-2 2.5218E-2 1.831E-2 1.72832E-2 1.70018E-2 1.71359E-2 2.26564E-2 2.16347E-2 1.42763E-2 8.76117E-3 1.5249E-2 1.44287E-2 1.33672E-2 9.60493E-3
6.47468E-2 9.94233E-3 1.77519E-2 1.09985E-2 1.44313E-2 1.10586E-2 -9999 -9999 -9999 -9999 -9999 -9999 -9999 -9999 -9999 2.20309E-2 2.10405E-2 3.15478E-2 4.67314E-2 2.68091E-2 2.86334E-2 2.80103E-2 5.07788E-2 1.15257E-1 1.76393E-2 2.147E-2 2.85131E-2 3.36188E-2 3.02062E-2 1.73032E-2 1.6509E-2 1.16299E-2 2.04476E-2 1.72001E-2 1.47142E-2 -9999 8.60893E-3 1.35348E-2 1.05121E-2 8.51936E-3 1.16283E-2 1.33269E-2 9.65816E-3 1.50515E-2 3.71978E-2 3.00964E-2 3.13331E-2 2.76642E-2 2.83175E-2 5.13845E-2 6.32306E-2 8.17953E-2 3.61152E-2 2.22381E-2 2.24083E-2 1.34344E-2 9.76328E-3 1.151E-2 1.78855E-2 1.66705E-2 2.1991E-2 1.46205E-2 1.07127E-2 1.04122E-2 1.47184E-2 1.50056E-2 1.57834E-2 1.28599E-2
1.58197E-1 1.57192E-1 9.25136E-2 2.84213E-2 1.88662E-2 1.13113E-2 -9999 -9999 -9999 -9999 -9999 -9999 -9999 -9999 -9999 1.70909E-2 2.04017E-2 2.56958E-2 1.97008E-2 2.56285E-2 2.11095E-2 4.13235E-2 2.88816E-2 2.15654E-1 1.12151E-1 3.52581E-2 2.92713E-2 7.81458E-2 1.43123E-2 2.45317E-2 1.1023E-2 1.86015E-2 1.97247E-2 -9999 3.20072E-2 -9999 5.62977E-2 8.19741E-2 3.79599E-2 9.78811E-3 7.37447E-3 9.79642E-3 1.24134E-2 3.08794E-2 3.19347E-2 2.52089E-2 2.85608E-2 2.21671E-2 2.98304E-2 3.23935E-2 2.88959E-2 4.52356E-2 1.22862E-2 1.3659E-2 1.58596E-2 1.39053E-2 1.97025E-2 1.34277E-2 2.01773E-2 2.01794E-2 1.39372E-2 1.7508E-2 1.35455E-2 1.19017E-2 1.6624E-2 1.85915E-2 1.89404E-2 1.62437E-2
2.29961E-1 3.9682E-1 -9999 -9999 -9999 -9999 -9999 -9999 -9999 -9999 -9999 -9999 -9999 -9999 -9999 -9999 1.5741E-2 1.21734E-2 4.58852E-2 2.19234E-2 3.07186E-2 3.32135E-2 2.43527E-2 1.60394E-2 2.3403E-2 1.53998E-2 2.05739E-2 3.01981E-2 1.99355E-2 2.83417E-2 1.48133E-2 -9999 -9999 6.00822E-2 -9999 3.27608E-2 1.53956E-1 3.95311E-2 2.22986E-2 6.70175E-3 1.13649E-2 1.58539E-2 1.28556E-2 8.09354E-3 1.27767E-2 1.72868E-2 1.62572E-2 1.59371E-2 2.76902E-2 2.41614E-2 5.07663E-2 1.49695E-2 1.91577E-2 2.18985E-2 2.45973E-2 1.46464E-2 2.19101E-2 1.58061E-2 1.08233E-2 1.32535E-2 1.5407E-2 1.41754E-2 1.11643E-2 1.25809E-2 1.48286E-2 2.08582E-2 8.13623E-3 7.88172E-3
-9999 -9999 -9999 -9999 -9999 -9999 -9999 -9999 -9999 -9999 -9999 -9999 -9999 -9999 -9999 -9999 -9999 -9999 5.18313E-2 1.77528E-2 2.50836E-2 8.80215E-3 1.6346E-2 2.03228E-2 1.7118E-2 1.54233E-2 1.55505E-2 1.88822E-2 1.65545E-2 2.04108E-1 -9999 -9999 6.04881E-2 -9999 -9999 2.70811E-1 7.05603E-2 4.41028E-2 1.33395E-2 1.24763E-2 1.16649E-2 1.42544E-2 6.83946E-3 6.60716E-3 1.5012E-2 1.28542E-2 1.05949E-2 1.29919E-2 2.03083E-2 1.58386E-2 2.5508E-2 5.59035E-2 1.83138E-2 1.18838E-2 1.75028E-2 1.65032E-2 1.76488E-2 1.69686E-2 2.20028E-2 2.0884E-2 1.6952E-2 1.79243E-2 1.33976E-2 1.15715E-2 1.71222E-2 7.20439E-3 1.23834E-2 1.24479E-2
-9999 -9999 -9999 -9999 -9999 -9999 -9999 -9999 -9999 -9999 -9999 -9999 -9999 -9999 -9999 -9999 -9999 -9999 1.93059E-2 2.59071E-2 2.60955E-2 1.79189E-2 2.18984E-2 2.28644E-2 1.48976E-2 2.39005E-2 2.52998E-2 2.69059E-2 1.86422E-2 3.36391E-2 9.1169E-2 -9999 8.48038E-2 3.00694E-1 1.56263E-1 2.91488E-2 5.56686E-2 1.07427E-2 6.50334E-2 7.40857E-2 3.5639E-2 7.63649E-3 1.0143E-2 1.11098E-2 1.49735E-2 1.09305E-2 9.07529E-3 1.28674E-2 1.34616E-2 1.76283E-2 5.2885E-2 6.12525E-2 1.72736E-2 1.07606E-2 1.36088E-2 1.03697E-2 1.28243E-2 1.53527E-2 1.64501E-2 1.38236E-2 3.90917E-2 3.19161E-2 9.35795E-3 1.0202E-2 9.49911E-3 1.22186E-2 1.32167E-2 1.44476E-2
-9999 -9999 -9999 -9999 -9999 -9999 -9999 -9999 -9999 -9999 -9999 -9999 -9999 -9999 3.84402E-2 1.62484E-1 -9999 2.06078E-2 2.4634E-2 2.73427E-2 2.5156E-2 1.04447E-2 1.47379E-2 1.81536E-2 1.97777E-2 2.21861E-2 1.89196E-2 1.38755E-2 8.59028E-3 5.12997E-2 -9999 -9999 1.09913E-2 3.86752E-2 5.99102E-2 1.70045E-2 8.82459E-3 5.73636E-3 1.12806E-2 1.98751E-2 2.14577E-2 3.64887E-2 3.70338E-2 2.7061E-2 3.83952E-2 2.2443E-2 1.03947E-2 1.3055E-2 1.06416E-2 1.13645E-2 1.2084E-2 1.80071E-2 4.5627E-2 5.86572E-2 1.70093E-2 1.86039E-2 2.218E-2 3.08335E-2 2.80063E-2 2.1501E-2 5.96173E-2 4.20248E-2 1.82131E-2 1.20051E-2 1.77884E-2 2.78449E-2 1.64015E-2 1.71808E-2
-9999 -9999 -9999 -9999 -9999 -9999 -9999 -9999 -9999 -9999 -9999 -9999 1.05784E-1 6.25895E-2 1.09498E-1 2.37892E-1 3.7942E-1 1.71392E-1 1.6405E-2 3.01889E-2 2.02691E-2 1.96009E-2 2.80741E-2 2.34959E-2 -9999 7.80661E-3 1.53654E-2 1.1828E-2 -9999 -9999 1.14349E-1 6.62075E-2 1.88971E-2 5.61658E-2 1.95294E-2 8.04263E-3 1.38754E-2 9.59974E-3 1.74584E-2 1.45918E-2 1.86662E-2 1.9418E-2 1.95803E-2 1.70845E-2 5.53524E-3 6.91903E-3 6.76158E-3 1.56081E-2 1.05226E-2 9.78271E-3 1.21973E-2 1.48474E-2 2.95532E-2 2.06705E-2 7.24839E-3 1.41628E-2 1.63199E-2 1.72645E-2 1.56504E-2 2.73511E-2 1.27828E-2 5.77806E-2 9.79894E-3 1.64749E-2 9.5291E-3 1.5263E-2 2.8277E-2 5.70239E-2
-9999 -9999 -9999 -9999 -9999 -9999 -9999 -9999 -9999 -9999 -9999 -9999 -9999 2.17314E-2 8.34132E-2 1.16959E-1 1.02102E-1 1.70848E-1 1.90238E-2 2.54908E-2 1.28308E-2 1.05855E-2 -9999 -9999 -9999 -9999 -9999 -9999 -9999 -9999 1.63044E-1 1.40075E-1 9.3423E-3 2.97851E-2 1.75256E-2 1.18632E-2 1.92704E-2 1.37219E-2 2.02579E-2 1.87529E-2 8.33182E-3 6.82417E-3 1.43606E-2 1.50041E-2 8.81708E-3 1.17267E-2 8.63192E-3 1.04633E-2 1.11261E-2 7.75717E-3 1.30426E-2 5.46866E-2 7.40794E-3 1.08004E-2 1.56378E-2 1.52254E-2 1.45469E-2 1.70522E-2 1.69628E-2 2.31931E-2 3.54612E-2 1.23396E-2 8.53403E-3 1.60341E-2 1.33781E-2 1.70083E-2 1.36424E-2 1.48797E-2
-9999 -9999 -9999 -9999 -9999 -9999 -9999 -9999 -9999 -9999 -9999 -9999 -9999 -9999 -9999 -9999 -9999 -9999 -9999 -9999 -9999 -9999 -9999 -9999 -9999 -9999 -9999 -9999 -9999 -9999 1.05198E-1 1.20324E-2 6.38184E-3 1.88795E-2 1.0609E-2 1.15296E-2 1.45902E-2 2.06802E-2 2.7462E-2 1.3329E-2 7.29976E-3 1.48471E-2 2.15361E-2 1.66642E-2 1.71169E-2 1.56708E-2 4.30911E-2 1.63909E-2 1.1624E-2 1.29778E-2 1.09388E-2 1.50589E-2 8.98823E-3 1.38796E-2 1.77074E-2 9.50322E-3 1.29897E-2 1.23284E-2 1.43506E-2 1.27728E-2 1.65702E-2 5.40424E-2 1.34303E-2 1.42862E-2 1.13854E-2 1.25783E-2 1.18495E-2 1.87522E-2
-9999 -9999 -9999 -9999 -9999 -9999 -9999 -9999 -9999 -9999 -9999 -9999 -9999 -9999 -9999 -9999 -9999 -9999 -9999 -9999 -9999 -9999 -9999 -9999 -9999 -9999 -9999 -9999 2.96004E-2 8.21818E-2 2.78477E-2 1.77927E-2 3.95294E-2 1.28097E-2 9.64968E-3 1.54678E-2 1.49125E-2 2.05756E-2 1.48775E-2 9.47279E-3 1.86642E-2 1.99291E-2 3.01258E-2 6.72054E-2 2.65153E-2 3.66061E-2 3.97198E-2 1.75405E-2 6.4225E-2 1.28957E-2 1.26143E-2 2.14201E-2 1.14053E-2 1.182E-2 1.34004E-2 1.62956E-2 9.1439E-3 1.52729E-2 1.90393E-2 2.95309E-2 1.30574E-2 6.00609E-2 4.40607E-2 5.67469E-2 2.48958E-2 1.34329E-2 1.78981E-2 1.54877E-2
-9999 -9999 -9999 -9999 -9999 -9999 -9999 -9999 -9999 -9999 -9999 -9999 -9999 -9999 -9999 -9999 -9999 -9999 -9999 -9999 -9999 -9999 -9999 -9999 -9999 -9999 -9999 1.13383E-2 1.5649E-2 -9999 -9999 4.29474E-2 7.40225E-2 1.95892E-2 2.45394E-2 1.38698E-2 8.98412E-3 8.78956E-3 1.57618E-2 1.58424E-2 4.80698E-2 4.71498E-2 5.20329E-2 3.23762E-2 9.1579E-3 1.08568E-2 1.99983E-2 9.70848E-3 1.53275E-2 5.56914E-2 3.90232E-2 4.37657E-2 2.54115E-2 1.10916E-2 1.62194E-2 2.36274E-2 1.66064E-2 1.69023E-2 2.58018E-2 7.00363E-2 2.03389E-2 1.3171E-2 4.67193E-2 7.8717E-2 8.44842E-2 7.53737E-2 6.13831E-2 4.06005E-2
-9999 -9999 -9999 -9999 -9999 -9999 -9999 -9999 -9999 -9999 -9999 -9999 -9999 -9999 -9999 -9999 1.82721E-1 1.21896E-1 -9999 -9999 -9999 -9999 -9999 -9999 -9999 6.27035E-2 2.09684E-2 1.92853E-2 2.01116E-2 -9999 -9999 1.73549E-2 1.06412E-2 5.88315E-2 1.55236E-2 1.07146E-2 1.52407E-2 1.6113E-2 1.61022E-2 6.57394E-2 4.24256E-2 1.80806E-2 9.91562E-3 5.51774E-2 1.53625E-2 9.35025E-3 1.58305E-2 9.33963E-3 9.233E-3 1.26766E-2 9.10053E-3 1.19975E-2 6.01117E-2 1.53727E-2 1.14098E-2 1.86375E-2 2.34402E-2 2.37044E-2 5.58546E-2 1.15503E-1 3.32666E-2 1.39018E-1 2.03099E-1 9.67117E-2 3.29726E-1 3.15267E-1 2.88594E-1 2.49103E-1
-9999 -9999 -9999 -9999 -9999 -9999 -9999 -9999 -9999 -9999 -9999 -9999 -9999 -9999 -9999 2.83537E-2 1.77895E-1 -9999 -9999 -9999 -9999 -9999 -9999 1.08998E-2 6.82374E-3 2.23213E-2 2.46319E-2 2.50783E-2 1.26869E-2 -9999 3.56869E-2 2.03782E-2 1.35542E-1 2.91993E-1 2.71866E-2 1.42854E-2 2.34818E-2 2.17162E-2 3.91885E-2 5.34449E-3 8.50118E-3 1.01987E-2 1.04173E-2 1.82108E-2 2.55012E-2 1.10302E-2 1.57048E-2 1.42346E-2 3.32198E-2 6.80144E-3 1.09268E-2 1.2709E-2 2.50427E-2 2.95307E-2 1.37729E-2 1.05141E-2 1.53769E-2 2.21367E-2 2.07143E-2 9.13936E-2 1.69664E-1 5.61683E-2 4.06216E-2 4.84852E-2 6.74408E-2 5.38897E-2 6.38311E-2 4.91051E-2
