mx_out/species_projection_files_novel.asc
ncols         290
nrows         273
xllcorner     -87855.1146155433
yllcorner     -18027.3076111057
cellsize      2670.000000000001
NODATA_value  -9999
[rows 120 to 149 of 273, columns 68 to 135 of 290]
-9999 -9999 -9999 -9999 -9999 -9999 -9999 -9999 -9999 -9999 -9999 -9999 -9999 -9999 -9999 -8.76951E2 -8.71371E2 -9999 -9999 -9999 -9999 -9999 -8.82243E2 -8.374E2 -8.14958E2 -8.4216E2 -8.74327E2 -8.81687E2 -9999 -9.20144E2 -9.04799E2 -9.0014E2 -8.86788E2 -8.94931E2 -9.18836E2 -8.90362E2 -8.96668E2 -9.18156E2 -8.79158E2 -8.3272E2 -8.41767E2 -8.61709E2 -7.95401E2 -8.3803E2 -8.9964E2 -8.36218E2 -8.32145E2 -8.46163E2 -8.92505E2 -8.68842E2 -8.11077E2 -9.42955E2 -8.38317E2 -9.08019E2 -9.2011E2 -9.05881E2 -8.92668E2 -8.84843E2 -8.89733E2 -8.93947E2 -8.8444E2 -8.77165E2 -8.69885E2 -8.33135E2 -8.13991E2 -8.56827E2 -8.57357E2 -8.4246E2
-9999 -9999 -9999 -9999 -9999 -9999 -9999 -9999 -9999 -9999 -9999 -9999 -9999 -9999 -9999 -9999 -9999 -9999 -9999 -9999 -9999 -8.78374E2 -8.66516E2 -8.40555E2 -8.48694E2 -8.61281E2 -8.92824E2 -9999 -9999 -9.12054E2 -8.85176E2 -8.68245E2 -8.32057E2 -8.47892E2 -9.2466E2 -9.09386E2 -9.17949E2 -9.07461E2 -8.31795E2 -8.58762E2 -8.61718E2 -8.39369E2 -8.41423E2 -8.4618E2 -8.31109E2 -8.63595E2 -8.23824E2 -8.77106E2 -8.91216E2 -8.82141E2 -8.68291E2 -8.68785E2 -8.74931E2 -9.02221E2 -9.0778E2 -8.93773E2 -8.90114E2 -8.88059E2 -8.91493E2 -8.79542E2 -8.18808E2 -7.89564E2 -7.86359E2 -7.86006E2 -7.8452E2 -7.90828E2 -7.95285E2 -8.1969E2
-9999 -9999 -9999 -9999 -9999 -9999 -9999 -9999 -9999 -9999 -9999 -9999 -9999 -9999 -9999 -9999 -8.54545E2 -9999 -9999 -9999 -8.47424E2 -8.3484E2 -8.34404E2 -8.49678E2 -8.55181E2 -9999 -9999 -9999 -9.14046E2 -8.81734E2 -8.34538E2 -8.38409E2 -8.24788E2 -8.42295E2 -8.99336E2 -9999 -9.16956E2 -8.87755E2 -8.32243E2 -8.32513E2 -8.78053E2 -8.3274E2 -8.16504E2 -8.03487E2 -8.39479E2 -8.76789E2 -8.93505E2 -8.97382E2 -9.03734E2 -9.05619E2 -9.16494E2 -9.11971E2 -8.91811E2 -8.8193E2 -8.92025E2 -8.61841E2 -8.28801E2 -8.28037E2 -8.38004E2 -8.5793E2 -8.34699E2 -8.09217E2 -8.07852E2 -8.08528E2 -8.04715E2 -8.27624E2 -8.38637E2 -8.50885E2
-9999 -9999 -9999 -9999 -9999 -9999 -9999 -9999 -9999 -9999 -9999 -9999 -8.63636E2 -9999 -8.63636E2 -8.43187E2 -8.14852E2 -8.25168E2 -9999 -8.57245E2 -7.73244E2 -7.73847E2 -8.14347E2 -8.53788E2 -8.37313E2 -9999 -9999 -9999 -9.03513E2 -8.68977E2 -8.57316E2 -8.64693E2 -8.13199E2 -8.08736E2 -8.64568E2 -9999 -9.16438E2 -8.7707E2 -8.37532E2 -8.39448E2 -8.75847E2 -8.22495E2 -8.24507E2 -8.27523E2 -7.82225E2 -8.31639E2 -9.07555E2 -9.12785E2 -8.87469E2 -8.72599E2 -8.76342E2 -8.79741E2 -8.90112E2 -8.95075E2 -9.07396E2 -8.82127E2 -8.47519E2 -8.35917E2 -8.41214E2 -8.64196E2 -8.79285E2 -8.75217E2 -8.76403E2 -8.71124E2 -8.69232E2 -8.79346E2 -8.82491E2 -8.86589E2
-9999 -9999 -9999 -9999 -9999 -9999 -9999 -9999 -9999 -9999 -8.4585E2 -8.5255E2 -8.54659E2 -8.62059E2 -8.49735E2 -8.17421E2 -8.08347E2 -8.38517E2 -8.65694E2 -8.40422E2 -7.58579E2 -7.72625E2 -8.53139E2 -9999 -9999 -9999 -9999 -9999 -9999 -8.81744E2 -8.48414E2 -8.13025E2 -7.92956E2 -8.30022E2 -8.70746E2 -9999 -8.98836E2 -8.85721E2 -8.98308E2 -8.94042E2 -8.74505E2 -8.78232E2 -8.94263E2 -8.87885E2 -8.50289E2 -8.69119E2 -9.09996E2 -8.93554E2 -8.49206E2 -8.21927E2 -8.27499E2 -8.49817E2 -8.76673E2 -8.75249E2 -8.85281E2 -8.99576E2 -8.96E2 -8.91173E2 -8.9173E2 -8.96253E2 -8.96777E2 -8.96654E2 -8.91302E2 -8.94423E2 -8.94757E2 -8.94892E2 -8.8585E2 -8.80426E2
-9999 -9999 -9999 -9999 -9999 -9999 -9999 -9999 -9999 -9999 -8.52552E2 -8.54063E2 -8.62654E2 -8.63601E2 -8.46409E2 -8.41058E2 -8.39638E2 -8.38105E2 -8.35805E2 -8.4121E2 -8.04114E2 -8.34824E2 -8.78389E2 -9999 -9999 -9999 -9999 -9999 -8.81818E2 -8.71834E2 -8.34278E2 -8.19063E2 -8.44456E2 -8.72388E2 -8.57914E2 -8.45936E2 -8.77399E2 -9.08447E2 -9.03573E2 -8.89229E2 -8.91676E2 -8.96435E2 -8.95994E2 -9.05054E2 -9.14346E2 -9999 -9.00509E2 -8.71942E2 -8.14893E2 -8.13984E2 -7.93299E2 -8.12783E2 -8.51145E2 -8.68505E2 -8.8526E2 -9.05529E2 -9.09091E2 -9.09091E2 -9.09091E2 -9.09091E2 -9.06105E2 -9.05743E2 -9.021E2 -8.96315E2 -8.95975E2 -8.90681E2 -8.86013E2 -8.76107E2
-9999 -9999 -9999 -9999 -9999 -9999 -9999 -9999 -9999 -8.52972E2 -8.36185E2 -8.27589E2 -8.46176E2 -8.63597E2 -8.61966E2 -8.59525E2 -8.3626E2 -8.18245E2 -7.96564E2 -8.24308E2 -8.24381E2 -8.5972E2 -9999 -9999 -9999 -9999 -9999 -9999 -9999 -8.8076E2 -8.74343E2 -8.69528E2 -8.77775E2 -8.68518E2 -8.27762E2 -8.2447E2 -8.56507E2 -9999 -9999 -9999 -9.18182E2 -9.07846E2 -9.00189E2 -9.05763E2 -9999 -9999 -9.07425E2 -8.81876E2 -8.05661E2 -9.75748E2 -9.28397E2 -7.94042E2 -8.39496E2 -8.68847E2 -8.76325E2 -8.75203E2 -8.6984E2 -8.70374E2 -8.95451E2 -9.02867E2 -9.03177E2 -9.03096E2 -8.92222E2 -8.8955E2 -8.94882E2 -8.9599E2 -8.94622E2 -8.85174E2
-9999 -9999 -9999 -9999 -9999 -9999 -9999 -9999 -8.53483E2 -8.36498E2 -8.29852E2 -8.47522E2 -8.63279E2 -8.63636E2 -8.62269E2 -8.49259E2 -8.09856E2 -7.672E2 -7.81449E2 -8.24308E2 -9999 -9999 -9999 -9999 -9999 -9999 -9999 -9999 -9999 -8.87387E2 -8.83733E2 -8.69309E2 -8.53315E2 -8.55314E2 -8.6269E2 -8.67547E2 -9999 -9999 -9999 -9999 -9999 -9.12073E2 -9.03135E2 -9.06363E2 -9999 -9.09091E2 -9.09091E2 -8.80295E2 -8.05589E2 -7.85408E2 -7.9877E2 -8.46552E2 -8.85868E2 -8.67509E2 -8.52594E2 -8.43569E2 -8.41333E2 -8.41646E2 -8.59733E2 -8.69795E2 -8.76353E2 -8.76045E2 -8.64546E2 -8.60658E2 -8.66016E2 -8.77112E2 -8.90295E2 -8.90014E2
-9999 -9999 -9999 -9999 -9999 -9999 -9999 -9999 -8.52931E2 -8.45455E2 -8.45455E2 -9999 -9999 -8.65843E2 -8.64838E2 -8.38354E2 -8.00915E2 -7.74204E2 -8.1778E2 -8.60631E2 -9999 -9999 -9999 -9999 -9999 -9999 -8.83975E2 -9999 -9999 -8.66977E2 -8.49132E2 -8.3822E2 -8.33273E2 -8.5625E2 -8.77706E2 -8.70169E2 -8.45664E2 -8.49174E2 -8.70522E2 -9999 -9999 -9999 -9999 -9.01916E2 -9999 -9999 -9.07757E2 -8.84939E2 -8.1589E2 -8.14194E2 -8.59952E2 -8.8506E2 -8.85214E2 -8.64057E2 -8.59474E2 -8.42913E2 -8.2947E2 -8.23245E2 -8.2062E2 -8.24415E2 -8.29579E2 -8.41018E2 -8.41971E2 -8.34652E2 -8.34703E2 -8.37968E2 -8.55627E2 -8.69532E2
-9999 -9999 -9999 -9999 -9999 -9999 -9999 -9999 -9999 -9999 -9999 -9999 -9999 -8.37207E2 -8.45198E2 -8.48737E2 -8.33927E2 -8.3182E2 -8.52635E2 -9999 -9999 -9999 -9999 -9999 -9999 -9999 -8.81818E2 -8.87196E2 -8.73161E2 -8.29015E2 -8.14365E2 -8.2821E2 -8.43447E2 -8.77752E2 -9999 -8.52882E2 -8.2281E2 -8.13094E2 -7.9174E2 -8.3611E2 -9999 -9999 -9999 -9999 -9999 -9999 -9.08365E2 -8.91423E2 -8.59826E2 -8.66034E2 -8.88165E2 -8.90812E2 -8.81505E2 -8.7084E2 -8.6991E2 -8.57557E2 -8.38915E2 -8.23522E2 -8.13599E2 -8.02043E2 -7.97357E2 -7.99255E2 -8.03406E2 -8.06936E2 -8.11911E2 -8.15576E2 -8.27641E2 -8.44844E2
-9999 -9999 -9999 -9999 -9999 -9999 -9999 -9999 -9999 -9999 -9999 -9999 -8.55887E2 -8.32307E2 -8.29087E2 -8.38301E2 -8.40722E2 -9999 -9999 -9999 -9999 -9999 -9999 -9999 -9999 -9999 -9999 -8.79241E2 -8.43443E2 -8.00492E2 -7.89384E2 -8.31615E2 -8.54642E2 -9999 -8.70443E2 -8.00324E2 -8.76342E2 -7.78213E2 -1.01147E3 -8.96703E2 -8.50862E2 -9999 -9999 -9999 -9999 -9999 -9999 -9.16094E2 -9.04528E2 -8.97212E2 -9.06513E2 -9.05385E2 -8.95735E2 -8.86307E2 -8.78541E2 -8.68763E2 -8.57888E2 -8.50188E2 -8.32048E2 -8.08845E2 -7.97457E2 -7.97562E2 -7.95417E2 -8.04339E2 -8.11658E2 -8.13822E2 -8.14434E2 -8.18853E2
-9999 -9999 -9999 -9999 -9999 -9999 -9999 -9999 -9999 -9999 -9999 -9999 -9999 -8.31033E2 -9999 -9999 -9999 -9999 -9999 -9999 -9999 -9999 -9999 -9999 -9999 -9999 -9999 -8.66307E2 -8.20361E2 -7.96036E2 -7.73481E2 -8.27849E2 -8.65086E2 -9999 -9999 -8.36362E2 -8.19835E2 -7.97382E2 -7.50903E2 -8.00061E2 -8.54074E2 -9999 -9999 -9999 -9999 -9999 -9999 -9999 -9999 -9.0105E2 -9.09091E2 -9.0887E2 -9.05904E2 -8.96469E2 -8.8841E2 -8.85863E2 -8.83504E2 -8.8007E2 -8.6498E2 -8.41823E2 -8.22813E2 -8.17722E2 -8.10458E2 -8.12227E2 -8.06819E2 -7.8236E2 -7.74944E2 -7.80092E2
-9999 -9999 -9999 -9999 -9999 -9999 -9999 -9999 -9999 -9999 -9999 -9999 -9999 -9999 -9999 -9999 -9999 -9999 -9999 -9999 -9999 -9999 -9999 -9999 -9999 -9999 -8.86372E2 -8.47441E2 -8.01275E2 -7.86594E2 -7.68631E2 -8.25854E2 -8.76068E2 -9999 -9999 -8.88735E2 -8.60271E2 -8.15947E2 -8.12522E2 -8.14384E2 -8.62505E2 -8.74606E2 -9999 -9999 -9999 -9999 -9999 -9999 -9999 -9999 -9999 -9.09091E2 -9.03582E2 -8.8515E2 -8.82084E2 -8.77295E2 -8.7767E2 -8.75247E2 -8.63448E2 -8.40216E2 -8.13361E2 -7.9677E2 -7.8987E2 -7.95457E2 -7.80208E2 -8.26735E2 -9.79608E2 -9.78999E2
-9999 -9999 -9999 -9999 -9999 -9999 -9999 -9999 -9999 -9999 -9999 -9999 -9999 -9999 -9999 -9999 -9999 -9999 -9999 -9999 -9999 -9999 -9999 -9999 -9999 -9999 -8.77296E2 -8.33016E2 -8.03384E2 -8.05654E2 -7.96912E2 -8.43197E2 -9999 -9999 -9999 -8.81238E2 -8.69635E2 -8.11765E2 -7.73685E2 -7.83814E2 -8.47027E2 -8.86728E2 -9999 -9999 -9999 -9999 -9999 -9999 -9999 -9999 -9999 -9.09091E2 -9.05368E2 -8.91712E2 -8.76576E2 -8.65923E2 -8.66111E2 -8.62944E2 -8.52816E2 -8.38247E2 -8.19305E2 -8.01354E2 -7.98558E2 -8.03731E2 -7.94624E2 -7.84093E2 -7.69317E2 -7.88271E2
-9999 -9999 -9999 -9999 -9999 -9999 -9999 -9999 -9999 -9999 -9999 -9999 -9999 -9999 -9999 -9999 -9999 -9999 -9999 -9999 -9999 -9999 -9999 -9999 -9999 -9999 -8.71595E2 -8.4846E2 -8.3775E2 -8.35701E2 -8.47353E2 -9999 -9999 -9999 -9999 -9999 -8.46992E2 -8.50602E2 -8.30349E2 -8.06787E2 -8.14486E2 -8.50062E2 -9999 -9999 -9999 -9999 -9999 -9999 -9999 -9999 -9999 -9999 -9.05778E2 -8.95849E2 -8.84439E2 -8.74493E2 -8.7025E2 -8.66158E2 -8.56766E2 -8.47376E2 -8.36489E2 -8.25242E2 -8.19202E2 -8.09923E2 -7.89495E2 -7.71597E2 -8.29523E2 -9.66468E2
-9999 -9999 -9999 -9999 -9999 -9999 -9999 -9999 -9999 -9999 -9999 -9999 -9999 -9999 -9999 -9999 -9999 -9999 -9999 -9999 -9999 -9999 -9999 -9999 -9999 -8.38658E2 -8.38696E2 -8.51637E2 -8.5083E2 -8.30281E2 -8.44738E2 -9999 -9999 -9999 -9999 -9999 -9999 -8.8855E2 -8.74441E2 -8.54545E2 -8.59866E2 -9999 -9999 -9999 -9999 -9999 -9999 -9999 -9999 -9999 -8.90909E2 -8.95355E2 -8.97796E2 -8.85612E2 -8.75977E2 -8.70775E2 -8.62949E2 -8.55406E2 -8.46565E2 -8.37717E2 -8.31975E2 -8.2882E2 -8.16104E2 -7.98078E2 -7.75949E2 -8.4548E2 -9.45445E2 -9.82468E2
-9999 -9999 -9999 -9999 -9999 -9999 -9999 -9999 -9999 -9999 -9999 -9999 -9999 -9999 -9999 -9999 -9999 -9999 -9999 -9999 -9999 -9999 -9999 -9999 -8.42495E2 -7.93409E2 -8.08864E2 -8.29109E2 -8.37843E2 -8.1557E2 -8.21312E2 -9999 -9999 -9999 -9999 -9999 -9999 -9999 -9999 -9999 -9999 -9999 -9999 -9999 -9999 -9999 -9999 -9999 -9999 -8.60066E2 -8.40192E2 -8.60956E2 -8.77027E2 -8.70962E2 -8.58491E2 -8.40318E2 -8.25674E2 -8.10301E2 -8.00134E2 -7.98216E2 -8.04705E2 -8.16936E2 -8.15265E2 -8.01808E2 -7.84663E2 -7.76579E2 -7.81409E2 -8.54359E2
-9999 -9999 -9999 -9999 -9999 -9999 -9999 -9999 -9999 -9999 -9999 -9999 -9999 -9999 -9999 -9999 -9999 -9999 -9999 -9999 -9999 -9999 -9999 -9999 -8.14029E2 -7.7974E2 -8.13506E2 -8.39539E2 -8.54043E2 -8.46016E2 -8.33216E2 -9999 -9999 -9999 -9999 -9999 -9999 -9999 -9999 -9999 -9999 -9999 -9999 -9999 -9999 -9999 -9999 -9999 -8.81863E2 -8.53763E2 -8.51987E2 -8.70824E2 -8.7179E2 -8.56227E2 -8.34997E2 -8.16958E2 -7.98123E2 -7.77037E2 -7.73223E2 -7.71909E2 -7.70354E2 -7.75788E2 -7.82978E2 -7.62656E2 -9.9795E2 -7.91912E2 -7.80417E2 -7.9053E2
-9999 -9999 -9999 -9999 -9999 -9999 -9999 -8.58028E2 -8.48307E2 -9999 -9999 -9999 -9999 -8.45455E2 -9999 -8.63636E2 -9999 -9999 -9999 -9999 -9999 -9999 -9999 -9999 -8.01112E2 -7.78833E2 -8.23172E2 -8.62396E2 -8.73877E2 -8.77783E2 -9999 -9999 -9999 -9999 -9999 -9999 -9999 -9999 -9999 -9999 -9999 -9999 -9999 -9999 -9999 -9999 -9999 -8.93911E2 -8.61999E2 -8.41531E2 -8.53578E2 -8.7023E2 -8.58367E2 -8.46844E2 -8.1877E2 -7.94185E2 -7.97492E2 -8.01809E2 -7.73192E2 -9.22917E2 -1.0087E3 -1.01872E3 -1.06196E3 -1.0529E3 -1.32123E3 -1.17979E3 -9.68662E2 -7.78481E2
-9999 -9999 -9999 -8.63636E2 -8.52472E2 -8.4906E2 -8.66242E2 -8.55972E2 -8.48957E2 -8.4274E2 -8.27474E2 -8.31265E2 -8.40398E2 -9999 -9999 -9999 -9999 -9999 -9999 -9999 -9999 -9999 -9999 -9999 -9999 -9999 -9999 -9999 -9999 -9999 -9999 -9999 -9999 -9999 -9999 -9999 -9999 -9999 -9999 -9999 -9999 -9999 -9999 -9999 -9999 -9999 -9.01909E2 -8.93795E2 -8.76671E2 -8.57874E2 -8.4404E2 -8.10808E2 -7.90382E2 -8.03241E2 -8.03058E2 -7.91809E2 -7.93847E2 -8.02932E2 -7.86249E2 -8.31059E2 -8.52841E2 -1.04629E3 -1.29104E3 -1.21453E3 -1.12847E3 -1.14854E3 -1.06214E3 -9.10819E2
-8.50396E2 -8.63636E2 -8.63636E2 -8.63636E2 -8.51627E2 -8.43901E2 -8.55823E2 -8.54551E2 -8.46297E2 -8.41324E2 -8.36627E2 -8.36298E2 -8.36622E2 -8.36714E2 -8.34371E2 -8.16625E2 -7.91196E2 -8.02571E2 -9999 -9999 -9999 -9999 -9999 -9999 -9999 -9999 -9999 -9999 -9999 -9999 -9999 -9999 -9999 -9999 -9999 -9999 -9999 -9999 -9999 -9999 -9999 -9999 -9999 -9999 -9999 -9999 -8.90105E2 -8.46083E2 -8.38382E2 -8.21495E2 -8.19569E2 -8.02897E2 -7.89614E2 -7.74992E2 -7.66711E2 -8.01197E2 -7.81925E2 -7.85303E2 -7.75232E2 -7.80083E2 -7.88722E2 -1.00741E3 -1.1691E3 -7.66372E2 -7.78706E2 -9.54607E2 -9.27285E2 -8.1534E2
-8.37993E2 -8.54818E2 -8.59714E2 -8.62724E2 -8.59208E2 -8.56381E2 -8.60937E2 -8.58505E2 -8.54834E2 -8.54227E2 -8.48443E2 -8.39434E2 -8.02365E2 -7.97616E2 -7.93166E2 -7.75918E2 -7.73202E2 -7.94511E2 -8.01528E2 -9999 -9999 -9999 -9999 -9999 -9999 -9999 -9999 -9999 -9999 -9999 -9999 -9999 -9999 -9999 -9999 -9999 -9999 -9999 -9999 -9999 -9999 -9999 -9999 -9999 -8.90909E2 -8.63575E2 -8.4955E2 -8.51577E2 -8.39367E2 -8.27158E2 -7.94066E2 -7.62192E2 -8.51445E2 -8.8914E2 -1.21316E3 -1.00868E3 -7.68998E2 -7.85989E2 -1.07018E3 -8.73864E2 -7.95856E2 -8.03226E2 -8.02508E2 -8.09756E2 -7.90681E2 -8.10761E2 -7.72725E2 -7.89833E2
-8.08502E2 -8.36199E2 -8.51615E2 -8.63303E2 -8.67424E2 -8.6589E2 -8.63993E2 -8.62775E2 -8.55926E2 -8.47156E2 -8.38381E2 -8.29602E2 -7.86018E2 -7.62138E2 -7.52385E2 -7.66688E2 -7.9497E2 -8.27373E2 -8.07501E2 -9999 -9999 -9999 -9999 -9999 -9999 -9999 -9999 -9999 -9999 -9999 -9999 -9999 -9999 -9999 -9999 -9999 -9999 -9999 -9999 -9999 -9999 -9999 -9999 -8.84475E2 -8.66414E2 -8.55922E2 -8.54104E2 -8.61734E2 -8.39668E2 -8.14397E2 -7.9216E2 -7.9059E2 -7.89562E2 -7.98284E2 -1.01193E3 -1.35485E3 -1.02313E3 -8.80544E2 -1.37574E3 -8.62832E2 -8.02707E2 -8.25872E2 -8.42931E2 -8.24663E2 -8.01167E2 -7.92325E2 -7.9166E2 -8.08919E2
-7.95178E2 -8.31714E2 -8.52212E2 -8.68227E2 -8.78512E2 -8.7367E2 -8.64811E2 -8.52812E2 -8.44291E2 -8.37362E2 -8.28546E2 -8.19551E2 -7.86068E2 -7.82513E2 -7.88888E2 -7.42654E2 -7.8811E2 -8.45353E2 -8.1438E2 -9999 -9999 -9999 -9999 -9999 -9999 -9999 -9999 -9999 -9999 -9999 -9999 -9999 -9999 -9999 -9999 -9999 -9999 -9999 -9999 -9999 -9999 -9999 -8.95937E2 -8.82274E2 -8.56492E2 -8.2992E2 -8.28818E2 -8.45874E2 -8.52372E2 -8.41483E2 -8.30149E2 -8.22911E2 -8.0094E2 -8.15609E2 -7.76882E2 -9.81889E2 -9.45522E2 -8.27935E2 -1.12892E3 -1.01022E3 -7.90913E2 -8.21283E2 -8.59896E2 -8.48845E2 -8.26107E2 -8.10148E2 -8.10044E2 -8.27659E2
-8.03138E2 -8.32903E2 -8.5153E2 -8.61062E2 -8.70487E2 -8.7444E2 -8.65215E2 -8.29003E2 -8.1762E2 -8.35585E2 -8.36558E2 -8.3592E2 -7.74586E2 -7.92948E2 -9.20653E2 -8.39103E2 -7.75591E2 -7.845E2 -7.69405E2 -8.18069E2 -9999 -9999 -9999 -9999 -9999 -9999 -9999 -9999 -9999 -9999 -9999 -9999 -9999 -9999 -9999 -9999 -9999 -9999 -9999 -9999 -9999 -9999 -8.45078E2 -8.26877E2 -7.8251E2 -7.83521E2 -8.10291E2 -8.28837E2 -8.38447E2 -8.53381E2 -8.51822E2 -8.49954E2 -8.51656E2 -8.60364E2 -8.2807E2 -8.39591E2 -9.50469E2 -8.25867E2 -7.64858E2 -7.8303E2 -8.11034E2 -8.08063E2 -8.37249E2 -8.63531E2 -8.59925E2 -8.37887E2 -8.28538E2 -8.36981E2
-8.03349E2 -8.17031E2 -8.38648E2 -8.53044E2 -8.63369E2 -8.79354E2 -8.69649E2 -8.36917E2 -8.12166E2 -8.3006E2 -8.52876E2 -8.33919E2 -8.06691E2 -8.00717E2 -7.72894E2 -7.52178E2 -7.44639E2 -7.59783E2 -7.98641E2 -8.46311E2 -8.45455E2 -9999 -9999 -9999 -9999 -9999 -9999 -9999 -9999 -9999 -9999 -9999 -9999 -9999 -9999 -9999 -9999 -9999 -9999 -8.89269E2 -8.80642E2 -8.63234E2 -8.34639E2 -8.0992E2 -8.18514E2 -8.25795E2 -8.25622E2 -8.18978E2 -8.21566E2 -8.39989E2 -8.552E2 -8.62217E2 -8.6507E2 -8.76824E2 -8.39192E2 -8.15469E2 -7.87646E2 -7.9687E2 -7.97272E2 -7.95435E2 -8.08657E2 -8.04185E2 -8.42225E2 -8.59779E2 -8.72459E2 -8.67774E2 -8.5058E2 -8.47982E2
-7.77548E2 -7.98428E2 -8.29114E2 -8.50366E2 -8.61685E2 -8.73091E2 -8.7251E2 -8.58073E2 -8.29679E2 -8.38249E2 -8.45503E2 -8.43331E2 -8.31367E2 -8.12144E2 -7.87553E2 -7.78074E2 -7.81898E2 -7.91614E2 -8.08136E2 -8.29436E2 -8.08818E2 -9999 -9999 -9999 -9999 -9999 -9999 -9999 -9999 -9999 -9999 -9999 -9999 -9999 -9999 -9999 -9999 -9999 -8.88248E2 -8.80939E2 -8.8332E2 -8.85033E2 -8.43412E2 -8.20199E2 -8.29903E2 -8.44823E2 -8.43024E2 -8.3488E2 -8.35979E2 -8.45848E2 -8.57091E2 -8.72313E2 -8.78846E2 -8.81721E2 -8.76153E2 -8.52547E2 -8.54566E2 -8.35947E2 -8.95812E2 -7.7154E2 -8.13609E2 -8.26049E2 -8.43444E2 -8.45802E2 -8.60164E2 -8.76267E2 -8.72807E2 -8.69497E2
-7.7956E2 -8.21771E2 -8.49767E2 -8.64567E2 -8.74769E2 -8.7682E2 -8.82254E2 -8.68829E2 -8.37538E2 -8.42436E2 -8.51877E2 -8.4537E2 -8.47014E2 -8.50067E2 -8.43293E2 -8.28621E2 -8.0701E2 -7.93062E2 -7.954E2 -7.96416E2 -7.93315E2 -8.37686E2 -8.72727E2 -9999 -9999 -9999 -9999 -9999 -9999 -9999 -9999 -9999 -9999 -9999 -9999 -9999 -9999 -9999 -8.79713E2 -8.74108E2 -8.83585E2 -8.98556E2 -8.93803E2 -8.65009E2 -8.38316E2 -8.5131E2 -8.69109E2 -8.59558E2 -8.54633E2 -8.61572E2 -8.62869E2 -8.70441E2 -8.87566E2 -8.8378E2 -8.91486E2 -8.9303E2 -8.90533E2 -8.65224E2 -7.97919E2 -8.0035E2 -8.31689E2 -8.5558E2 -8.38378E2 -8.28658E2 -8.47119E2 -8.74655E2 -8.83907E2 -8.8944E2
-8.35587E2 -8.61558E2 -8.71942E2 -8.77041E2 -8.80691E2 -8.81818E2 -8.85737E2 -8.76706E2 -8.52175E2 -8.5686E2 -8.72724E2 -8.71824E2 -8.64308E2 -8.41584E2 -8.16525E2 -8.03051E2 -7.86026E2 -7.67514E2 -7.66914E2 -7.68557E2 -7.79331E2 -8.26568E2 -8.65756E2 -9999 -9999 -9999 -9999 -9999 -9999 -9999 -9999 -9999 -9999 -9999 -9999 -9999 -9999 -9999 -8.79387E2 -8.68468E2 -8.60713E2 -8.77285E2 -8.93409E2 -9.00033E2 -8.91288E2 -8.74615E2 -8.81121E2 -8.77681E2 -8.71087E2 -8.71564E2 -8.7356E2 -8.82144E2 -8.92475E2 -8.94651E2 -8.93432E2 -9.01867E2 -9.04088E2 -8.83435E2 -8.3841E2 -8.22274E2 -8.42215E2 -8.6889E2 -8.61504E2 -8.32354E2 -8.512E2 -8.7886E2 -8.82711E2 -8.84546E2
-8.53945E2 -8.71034E2 -8.80657E2 -8.76717E2 -8.78878E2 -8.84383E2 -8.88671E2 -8.87021E2 -8.68015E2 -8.59466E2 -8.73062E2 -8.77002E2 -8.67795E2 -8.52609E2 -8.32638E2 -8.14399E2 -8.02586E2 -7.97115E2 -7.85947E2 -7.7791E2 -7.99736E2 -8.32189E2 -8.51951E2 -8.642E2 -8.6967E2 -8.68715E2 -9999 -9999 -9999 -9999 -9999 -9999 -9999 -9999 -9999 -9999 -9999 -9999 -9999 -8.79881E2 -8.6832E2 -8.65347E2 -8.8831E2 -9.03314E2 -9.08851E2 -9.07889E2 -9.04361E2 -8.95224E2 -8.86088E2 -8.77851E2 -8.75914E2 -8.82363E2 -8.86716E2 -8.94637E2 -8.98586E2 -9.03064E2 -9.0605E2 -8.91284E2 -8.61235E2 -8.38326E2 -8.56838E2 -8.89762E2 -8.8432E2 -8.60814E2 -8.74566E2 -8.88785E2 -8.77448E2 -8.6499E2
