mx_out/species_projection_files_novel.asc
ncols         290
nrows         273
xllcorner     -87855.1146155433
yllcorner     -18027.3076111057
cellsize      2670.000000000001
NODATA_value  -9999
[rows 180 to 209 of 273, columns 204 to 271 of 290]
-1.03736E3 -1.03636E3 -1.03636E3 -1.03332E3 -1.02979E3 -1.03243E3 -1.03636E3 -1.03428E3 -1.03012E3 -1.03021E3 -1.0296E3 -1.02424E3 -1.01385E3 -1.0206E3 -1.01701E3 -1.03596E3 -1.0307E3 -1.02565E3 -1.01837E3 -1.02298E3 -1.02768E3 -1.0316E3 -1.03967E3 -1.04461E3 -1.05255E3 -1.05455E3 -1.06104E3 -1.05743E3 -9999 -9999 -9999 -9999 -9999 -9999 -9999 -9999 -9999 -9999 -9999 -9999 -9999 -9999 -9999 -9999 -9999 -9999 -9999 -9999 -9999 -9999 -9999 -9999 -9999 -9999 -9999 -9999 -9999 -9999 -9999 -9999 -9999 -9999 -9999 -9999 -9999 -9999 -9999 -9999
-1.0418E3 -1.03867E3 -1.03874E3 -1.03882E3 -1.03889E3 -1.03897E3 -1.03905E3 -1.03829E3 -1.03713E3 -1.03931E3 -1.03755E3 -1.02886E3 -1.02221E3 -1.02573E3 -1.01421E3 -1.0365E3 -1.04E3 -1.03647E3 -1.0266E3 -1.02257E3 -1.01512E3 -1.01798E3 -1.02934E3 -1.03538E3 -1.04629E3 -1.05313E3 -1.05734E3 -1.05601E3 -1.06002E3 -9999 -9999 -9999 -9999 -9999 -9999 -9999 -9999 -9999 -9999 -9999 -9999 -9999 -9999 -9999 -9999 -9999 -9999 -9999 -9999 -9999 -9999 -9999 -9999 -9999 -9999 -9999 -9999 -9999 -9999 -9999 -9999 -9999 -9999 -9999 -9999 -9999 -9999 -9999
-1.04436E3 -1.04545E3 -1.04545E3 -1.04545E3 -1.04545E3 -1.04545E3 -1.04545E3 -1.04372E3 -1.04073E3 -1.04484E3 -1.04136E3 -1.03554E3 -1.03017E3 -1.02687E3 -1.02216E3 -1.03638E3 -1.04162E3 -1.03672E3 -1.03636E3 -1.03197E3 -1.01286E3 -1.00909E3 -1.01961E3 -1.02604E3 -1.03343E3 -1.04503E3 -1.05269E3 -1.05753E3 -1.06191E3 -1.06364E3 -1.06364E3 -1.06364E3 -1.06364E3 -9999 -9999 -9999 -9999 -9999 -9999 -9999 -9999 -9999 -9999 -9999 -9999 -9999 -9999 -9999 -9999 -9999 -9999 -9999 -9999 -9999 -9999 -9999 -9999 -9999 -9999 -9999 -9999 -9999 -9999 -9999 -9999 -9999 -9999 -9999
-1.04195E3 -1.04672E3 -1.04545E3 -1.04641E3 -1.04799E3 -1.04807E3 -1.04815E3 -1.04824E3 -1.04771E3 -1.04436E3 -1.03898E3 -1.03636E3 -1.0357E3 -1.02727E3 -1.0273E3 -1.03607E3 -1.03978E3 -1.04014E3 -1.04026E3 -1.04038E3 -1.01564E3 -1.00587E3 -1.01442E3 -1.02441E3 -1.02425E3 -1.02777E3 -1.04164E3 -1.05442E3 -1.06107E3 -1.06364E3 -1.06364E3 -1.06364E3 -1.06364E3 -9999 -9999 -9999 -9999 -9999 -9999 -9999 -9999 -9999 -9999 -9999 -9999 -9999 -9999 -9999 -9999 -9999 -9999 -9999 -9999 -9999 -9999 -9999 -9999 -9999 -9999 -9999 -9999 -9999 -9999 -9999 -9999 -9999 -9999 -9999
-1.04613E3 -1.0516E3 -1.04786E3 -1.05124E3 -1.05626E3 -1.05378E3 -1.05184E3 -1.05176E3 -1.05052E3 -1.04545E3 -1.04443E3 -1.03636E3 -1.03599E3 -1.02727E3 -1.02727E3 -1.03575E3 -1.04452E3 -1.04545E3 -1.04545E3 -1.04545E3 -1.03056E3 -1.01964E3 -1.015E3 -1.0166E3 -1.01527E3 -1.01339E3 -1.02255E3 -1.0398E3 -1.05352E3 -1.06055E3 -1.06364E3 -1.06364E3 -1.06364E3 -1.06364E3 -1.06364E3 -9999 -9999 -9999 -9999 -9999 -9999 -9999 -9999 -9999 -9999 -9999 -9999 -9999 -9999 -9999 -9999 -9999 -9999 -9999 -9999 -9999 -9999 -9999 -9999 -9999 -9999 -9999 -9999 -9999 -9999 -9999 -9999 -9999
-1.0508E3 -1.05455E3 -1.05455E3 -1.0568E3 -1.05987E3 -1.05404E3 -1.04545E3 -1.046E3 -1.04834E3 -1.04807E3 -1.04495E3 -1.03952E3 -1.03957E3 -1.03414E3 -1.02772E3 -1.03544E3 -1.04419E3 -1.04545E3 -1.04545E3 -1.04545E3 -1.04545E3 -1.0422E3 -1.02616E3 -1.01542E3 -1.01638E3 -1.01616E3 -1.02088E3 -1.03606E3 -1.04922E3 -1.05797E3 -1.06364E3 -1.06364E3 -1.06517E3 -1.06963E3 -1.07034E3 -9999 -9999 -9999 -9999 -9999 -9999 -9999 -9999 -9999 -9999 -9999 -9999 -9999 -9999 -9999 -9999 -9999 -9999 -9999 -9999 -9999 -9999 -9999 -9999 -9999 -9999 -9999 -9999 -9999 -9999 -9999 -9999 -9999
-1.05455E3 -1.05547E3 -1.05696E3 -1.05703E3 -1.05893E3 -1.05923E3 -1.04545E3 -1.04697E3 -1.05455E3 -1.05399E3 -1.04836E3 -1.04545E3 -1.04545E3 -1.04545E3 -1.02906E3 -1.03512E3 -1.04083E3 -1.04465E3 -1.04545E3 -1.04545E3 -1.04545E3 -1.04817E3 -1.04163E3 -1.03125E3 -1.02981E3 -1.02769E3 -1.02462E3 -1.02989E3 -1.03643E3 -1.04319E3 -1.0542E3 -1.05939E3 -1.06558E3 -1.07273E3 -1.07273E3 -1.07273E3 -9999 -9999 -9999 -9999 -9999 -9999 -9999 -9999 -9999 -9999 -9999 -9999 -9999 -9999 -9999 -9999 -9999 -9999 -9999 -9999 -9999 -9999 -9999 -9999 -9999 -9999 -9999 -9999 -9999 -9999 -9999 -9999
-1.05455E3 -1.05705E3 -1.06202E3 -1.06364E3 -1.06364E3 -1.06026E3 -1.04818E3 -1.04914E3 -1.05455E3 -1.05455E3 -1.0544E3 -1.04872E3 -1.04872E3 -1.04882E3 -1.03314E3 -1.03542E3 -1.03636E3 -1.04319E3 -1.04824E3 -1.04949E3 -1.04961E3 -1.0526E3 -1.05194E3 -1.04529E3 -1.04103E3 -1.03718E3 -1.02858E3 -1.02471E3 -1.02895E3 -1.03625E3 -1.04632E3 -1.05186E3 -1.06512E3 -1.07273E3 -1.07273E3 -1.07273E3 -1.07273E3 -9999 -9999 -9999 -9999 -9999 -9999 -9999 -9999 -9999 -9999 -9999 -9999 -9999 -9999 -9999 -9999 -9999 -9999 -9999 -9999 -9999 -9999 -9999 -9999 -9999 -9999 -9999 -9999 -9999 -9999 -9999
-1.05684E3 -1.05691E3 -1.0598E3 -1.06614E3 -1.06502E3 -1.06026E3 -1.05728E3 -1.05768E3 -1.06014E3 -1.05754E3 -1.05763E3 -1.05772E3 -1.05483E3 -1.05455E3 -1.04227E3 -1.0371E3 -1.03915E3 -1.04667E3 -1.05551E3 -1.05858E3 -1.0587E3 -1.05883E3 -1.05896E3 -1.05477E3 -1.05013E3 -1.04857E3 -1.03952E3 -1.03047E3 -1.04023E3 -1.04799E3 -1.04884E3 -1.04082E3 -1.04847E3 -1.06716E3 -1.07273E3 -1.07273E3 -1.07273E3 -9999 -9999 -9999 -9999 -9999 -9999 -9999 -9999 -9999 -9999 -9999 -9999 -9999 -9999 -9999 -9999 -9999 -9999 -9999 -9999 -9999 -9999 -9999 -9999 -9999 -9999 -9999 -9999 -9999 -9999 -9999
-1.06364E3 -1.06364E3 -1.06626E3 -1.0721E3 -1.0669E3 -1.05606E3 -1.06398E3 -1.067E3 -1.07245E3 -1.06663E3 -1.06673E3 -1.06388E3 -1.05561E3 -1.05455E3 -1.05005E3 -1.03394E3 -1.03817E3 -1.0504E3 -1.06035E3 -1.06605E3 -1.0678E3 -1.06792E3 -1.06805E3 -1.06424E3 -1.05922E3 -1.05767E3 -1.04916E3 -1.03824E3 -1.04229E3 -1.05017E3 -1.05431E3 -1.05342E3 -1.05413E3 -1.05796E3 -1.07242E3 -1.07273E3 -1.07273E3 -1.07273E3 -9999 -9999 -9999 -9999 -9999 -9999 -9999 -9999 -9999 -9999 -9999 -9999 -9999 -9999 -9999 -9999 -9999 -9999 -9999 -9999 -9999 -9999 -9999 -9999 -9999 -9999 -9999 -9999 -9999 -9999
-1.06213E3 -1.06437E3 -1.06785E3 -1.07125E3 -1.06456E3 -1.05851E3 -1.06702E3 -1.07289E3 -1.07564E3 -1.07573E3 -1.07293E3 -1.06461E3 -1.0587E3 -1.05793E3 -1.05535E3 -1.03074E3 -1.03434E3 -1.04942E3 -1.06237E3 -1.07051E3 -1.07273E3 -1.07273E3 -1.07273E3 -1.07095E3 -1.06668E3 -1.06232E3 -1.0584E3 -1.05475E3 -1.05278E3 -1.05674E3 -1.06096E3 -1.06932E3 -1.06944E3 -1.06664E3 -1.07231E3 -1.07273E3 -1.07273E3 -1.07273E3 -9999 -9999 -9999 -9999 -9999 -9999 -9999 -9999 -9999 -9999 -9999 -9999 -9999 -9999 -9999 -9999 -9999 -9999 -9999 -9999 -9999 -9999 -9999 -9999 -9999 -9999 -9999 -9999 -9999 -9999
-1.0591E3 -1.06624E3 -1.07333E3 -1.07525E3 -1.07429E3 -1.06974E3 -1.07548E3 -1.07586E3 -1.08465E3 -1.08198E3 -1.0764E3 -1.07084E3 -1.07022E3 -1.06779E3 -1.06302E3 -1.04287E3 -1.0441E3 -1.0548E3 -1.06652E3 -1.07484E3 -1.0769E3 -1.07703E3 -1.07715E3 -1.07728E3 -1.07606E3 -1.07328E3 -1.07355E3 -1.07383E3 -1.07412E3 -1.07441E3 -1.07489E3 -1.07842E3 -1.07857E3 -1.07321E3 -1.07273E3 -1.07273E3 -1.07273E3 -1.07273E3 -9999 -9999 -9999 -9999 -9999 -9999 -9999 -9999 -9999 -9999 -9999 -9999 -9999 -9999 -9999 -9999 -9999 -9999 -9999 -9999 -9999 -9999 -9999 -9999 -9999 -9999 -9999 -9999 -9999 -9999
-1.0683E3 -1.07021E3 -1.07612E3 -1.07974E3 -1.08253E3 -1.08719E3 -1.08735E3 -1.08753E3 -1.09079E3 -1.08255E3 -1.08454E3 -1.08236E3 -1.08442E3 -1.07844E3 -1.07131E3 -1.05829E3 -1.05848E3 -1.06739E3 -1.07424E3 -1.07922E3 -1.08366E3 -1.08612E3 -1.08469E3 -1.08182E3 -1.08182E3 -1.08182E3 -1.08182E3 -1.08182E3 -1.08182E3 -1.08182E3 -1.08182E3 -1.08182E3 -1.08182E3 -1.07914E3 -1.07381E3 -1.07273E3 -9999 -9999 -9999 -9999 -9999 -9999 -9999 -9999 -9999 -9999 -9999 -9999 -9999 -9999 -9999 -9999 -9999 -9999 -9999 -9999 -9999 -9999 -9999 -9999 -9999 -9999 -9999 -9999 -9999 -9999 -9999 -9999
-1.08348E3 -1.08241E3 -1.08346E3 -1.08138E3 -1.0885E3 -1.09982E3 -1.09729E3 -1.09994E3 -1.09425E3 -1.08853E3 -1.09047E3 -1.08619E3 -1.08951E3 -1.08199E3 -1.0685E3 -1.06589E3 -1.07263E3 -1.07938E3 -1.08376E3 -1.08588E3 -1.08797E3 -1.09091E3 -1.08946E3 -1.08638E3 -1.08651E3 -1.08579E3 -1.08182E3 -1.08182E3 -1.08182E3 -1.08182E3 -1.08182E3 -1.08182E3 -1.07677E3 -1.08073E3 -1.07479E3 -9999 -9999 -9999 -9999 -9999 -9999 -9999 -9999 -9999 -9999 -9999 -9999 -9999 -9999 -9999 -9999 -9999 -9999 -9999 -9999 -9999 -9999 -9999 -9999 -9999 -9999 -9999 -9999 -9999 -9999 -9999 -9999 -9999
-1.09081E3 -1.08626E3 -1.09501E3 -1.10221E3 -1.1E3 -1.09972E3 -1.0937E3 -1.09971E3 -1.1E3 -1.09738E3 -1.092E3 -1.09091E3 -1.0885E3 -1.07976E3 -1.07046E3 -1.07263E3 -1.08141E3 -1.08566E3 -1.0899E3 -1.09332E3 -1.09091E3 -1.09091E3 -1.09091E3 -1.09091E3 -1.09006E3 -1.08615E3 -1.08679E3 -1.08671E3 -1.08183E3 -1.08182E3 -1.08182E3 -1.08182E3 -1.07442E3 -9999 -9999 -9999 -9999 -9999 -9999 -9999 -9999 -9999 -1.06364E3 -1.06364E3 -1.06364E3 -1.06364E3 -1.06364E3 -1.06472E3 -1.07339E3 -1.08182E3 -1.08178E3 -1.09004E3 -1.09849E3 -1.114E3 -1.12429E3 -1.13292E3 -1.12962E3 -1.13318E3 -1.14732E3 -1.15959E3 -9999 -9999 -9999 -9999 -9999 -9999 -9999 -9999
-1.10245E3 -1.0971E3 -1.10313E3 -1.10581E3 -1.10017E3 -1.10271E3 -1.10279E3 -1.10021E3 -1.1E3 -1.09242E3 -1.09091E3 -1.08852E3 -1.08357E3 -1.0796E3 -1.07281E3 -1.07416E3 -1.08272E3 -1.08885E3 -1.09471E3 -1.09814E3 -1.09511E3 -1.09403E3 -1.09091E3 -1.09091E3 -1.0903E3 -1.0866E3 -1.08593E3 -1.08579E3 -1.082E3 -1.08182E3 -1.08182E3 -1.08182E3 -9999 -9999 -9999 -9999 -9999 -9999 -9999 -9999 -9999 -1.06112E3 -1.05386E3 -1.04624E3 -1.03983E3 -1.03926E3 -1.03954E3 -1.04711E3 -1.05537E3 -1.06362E3 -1.07186E3 -1.08031E3 -1.08841E3 -1.09656E3 -1.11134E3 -1.12358E3 -1.12644E3 -1.13096E3 -1.14325E3 -1.15682E3 -1.17053E3 -1.18282E3 -1.1903E3 -1.18528E3 -9999 -9999 -9999 -9999
-1.11428E3 -1.10865E3 -1.10537E3 -1.09766E3 -1.10037E3 -1.10904E3 -1.10644E3 -1.09803E3 -1.09451E3 -1.08903E3 -1.08539E3 -1.08027E3 -1.07849E3 -1.07278E3 -1.06603E3 -1.06839E3 -1.07705E3 -1.08406E3 -1.09041E3 -1.09592E3 -1.0958E3 -1.09557E3 -1.09451E3 -1.09091E3 -1.09091E3 -1.0907E3 -1.08679E3 -1.08205E3 -1.08182E3 -1.08182E3 -1.08182E3 -1.08182E3 -1.08182E3 -9999 -9999 -9999 -9999 -9999 -9999 -9999 -1.06364E3 -1.06106E3 -1.05241E3 -1.04376E3 -1.03526E3 -1.02824E3 -1.02807E3 -1.02841E3 -1.03661E3 -1.03685E3 -1.05177E3 -1.06887E3 -1.07227E3 -1.07796E3 -1.0919E3 -1.11424E3 -1.12104E3 -1.12278E3 -1.13224E3 -1.14867E3 -1.16689E3 -1.17554E3 -1.18111E3 -1.17564E3 -1.16312E3 -1.15954E3 -9999 -9999
-1.10672E3 -1.10519E3 -1.09647E3 -1.0891E3 -1.10011E3 -1.10617E3 -1.09791E3 -1.08413E3 -1.0745E3 -1.07503E3 -1.06889E3 -1.06625E3 -1.07028E3 -1.06941E3 -1.06717E3 -1.07173E3 -1.08049E3 -1.08416E3 -1.08495E3 -1.09212E3 -1.09512E3 -1.09619E3 -1.09862E3 -1.09091E3 -1.09091E3 -1.09091E3 -1.09091E3 -1.0873E3 -1.08255E3 -1.08182E3 -1.08182E3 -1.08182E3 -1.08182E3 -1.08182E3 -9999 -9999 -9999 -9999 -9999 -9999 -1.06562E3 -1.06729E3 -1.0516E3 -1.03655E3 -1.02834E3 -1.02751E3 -1.03543E3 -1.02786E3 -1.01992E3 -1.03336E3 -1.05055E3 -1.06114E3 -1.06395E3 -1.06431E3 -1.07461E3 -1.09578E3 -1.1128E3 -1.12213E3 -1.13357E3 -1.14951E3 -1.16396E3 -1.17178E3 -1.17519E3 -1.16855E3 -1.15967E3 -1.15108E3 -1.15083E3 -1.14211E3
-1.09717E3 -1.09418E3 -1.08756E3 -1.07979E3 -1.09196E3 -1.08922E3 -1.08313E3 -1.06647E3 -1.05638E3 -1.05906E3 -1.05853E3 -1.05779E3 -1.06684E3 -1.07082E3 -1.07276E3 -1.07886E3 -1.08399E3 -1.08656E3 -1.08737E3 -1.09327E3 -1.10089E3 -1.10434E3 -1.10344E3 -1.09521E3 -1.09091E3 -1.09091E3 -1.09091E3 -1.09091E3 -1.0835E3 -1.08597E3 -1.0834E3 -1.08182E3 -1.08182E3 -1.0784E3 -1.07413E3 -1.07273E3 -1.07273E3 -1.07273E3 -1.07201E3 -1.06877E3 -1.06247E3 -1.05739E3 -1.05328E3 -1.04349E3 -1.03506E3 -1.02753E3 -1.02798E3 -1.02735E3 -1.02697E3 -1.02736E3 -1.04029E3 -1.05733E3 -1.06906E3 -1.0731E3 -1.07829E3 -1.09084E3 -1.10696E3 -1.12048E3 -1.1301E3 -1.14005E3 -1.15196E3 -1.15906E3 -1.16091E3 -1.16016E3 -1.15129E3 -1.14242E3 -1.14174E3 -1.13376E3
-1.08937E3 -1.08152E3 -1.07884E3 -1.07278E3 -1.07531E3 -1.06962E3 -1.06927E3 -1.06944E3 -1.06259E3 -1.06069E3 -1.06273E3 -1.06364E3 -1.06884E3 -1.06978E3 -1.0741E3 -1.08336E3 -1.08558E3 -1.08862E3 -1.09489E3 -1.09703E3 -1.10506E3 -1.10909E3 -1.10844E3 -1.0999E3 -1.09576E3 -1.09129E3 -1.09091E3 -1.09091E3 -1.08797E3 -1.08598E3 -1.08298E3 -1.08182E3 -1.08182E3 -1.08023E3 -1.07602E3 -1.07273E3 -1.07273E3 -1.07273E3 -1.07273E3 -1.07229E3 -1.06936E3 -1.06193E3 -1.06155E3 -1.05303E3 -1.03706E3 -1.02811E3 -1.02727E3 -1.02727E3 -1.03385E3 -1.03619E3 -1.0364E3 -1.04737E3 -1.06452E3 -1.07725E3 -1.08587E3 -1.09449E3 -1.10311E3 -1.11392E3 -1.12767E3 -1.13473E3 -1.13729E3 -1.14353E3 -1.14911E3 -1.14863E3 -1.14268E3 -1.13405E3 -1.12961E3 -1.1245E3
-1.09027E3 -1.08584E3 -1.07779E3 -1.07793E3 -1.08162E3 -1.07935E3 -1.07899E3 -1.08122E3 -1.07505E3 -1.07273E3 -1.06892E3 -1.06497E3 -1.06674E3 -1.07097E3 -1.07673E3 -1.08536E3 -1.09091E3 -1.09352E3 -1.1E3 -1.10169E3 -1.10909E3 -1.10873E3 -1.10447E3 -1.10008E3 -1.1E3 -1.09628E3 -1.09591E3 -1.09206E3 -1.09091E3 -1.08844E3 -1.08392E3 -1.08182E3 -1.08182E3 -1.08182E3 -1.08061E3 -1.07676E3 -1.07273E3 -1.07273E3 -1.07273E3 -1.07273E3 -1.07176E3 -1.06364E3 -1.06361E3 -1.05499E3 -1.04533E3 -1.03679E3 -1.02898E3 -1.0336E3 -1.03625E3 -1.04206E3 -1.04547E3 -1.05042E3 -1.06309E3 -1.07597E3 -1.0847E3 -1.0935E3 -1.10079E3 -1.10833E3 -1.11792E3 -1.1263E3 -1.13413E3 -1.13389E3 -1.13365E3 -1.13341E3 -1.13316E3 -1.12568E3 -1.11682E3 -1.11423E3
-1.08999E3 -1.09929E3 -1.09084E3 -1.08836E3 -1.07983E3 -1.07354E3 -1.0704E3 -1.07232E3 -1.0663E3 -1.06552E3 -1.07028E3 -1.06945E3 -1.06528E3 -1.0694E3 -1.07854E3 -1.08505E3 -1.09091E3 -1.0932E3 -1.1E3 -1.10135E3 -1.10868E3 -1.10453E3 -1.10003E3 -1.1E3 -1.1E3 -1.1E3 -1.1E3 -1.09711E3 -1.0926E3 -1.09091E3 -1.08889E3 -1.08455E3 -1.08182E3 -1.08182E3 -1.08182E3 -1.08096E3 -1.07754E3 -1.07273E3 -1.07273E3 -1.07273E3 -1.07263E3 -1.07102E3 -1.0712E3 -1.07019E3 -1.05612E3 -1.04643E3 -1.04412E3 -1.0389E3 -1.03089E3 -1.0378E3 -1.05018E3 -1.05442E3 -1.05832E3 -1.06669E3 -1.07719E3 -1.08928E3 -1.09117E3 -1.09469E3 -1.10818E3 -1.11655E3 -1.12492E3 -1.1248E3 -1.12219E3 -1.12138E3 -1.12089E3 -1.11634E3 -1.10846E3 -1.10274E3
-1.08571E3 -1.09699E3 -1.08831E3 -1.07963E3 -1.07094E3 -1.06527E3 -1.05923E3 -1.05321E3 -1.04941E3 -1.05238E3 -1.06519E3 -1.07447E3 -1.07335E3 -1.07539E3 -1.08316E3 -1.08724E3 -1.09091E3 -1.09204E3 -1.09665E3 -1.10056E3 -1.10457E3 -1.09997E3 -1.09573E3 -1.09539E3 -1.09526E3 -1.09513E3 -1.09499E3 -1.09485E3 -1.09566E3 -1.09318E3 -1.09091E3 -1.08658E3 -1.08182E3 -1.08182E3 -1.08182E3 -1.08182E3 -1.08128E3 -1.07837E3 -1.07203E3 -1.0657E3 -1.06552E3 -1.06534E3 -1.07188E3 -1.07273E3 -1.06473E3 -1.04425E3 -1.03713E3 -1.04185E3 -1.04486E3 -1.04528E3 -1.04544E3 -1.04912E3 -1.05772E3 -1.06364E3 -1.06582E3 -1.07591E3 -1.09096E3 -1.1E3 -1.10017E3 -1.10687E3 -1.11517E3 -1.11572E3 -1.11034E3 -1.10689E3 -1.1059E3 -1.10566E3 -1.10009E3 -1.09125E3
-1.08826E3 -1.08559E3 -1.07685E3 -1.07055E3 -1.06205E3 -1.04816E3 -1.04545E3 -1.04756E3 -1.05451E3 -1.05765E3 -1.06431E3 -1.07402E3 -1.07996E3 -1.0832E3 -1.08729E3 -1.08984E3 -1.08712E3 -1.08772E3 -1.09156E3 -1.09556E3 -1.0916E3 -1.09549E3 -1.09131E3 -1.09091E3 -1.09091E3 -1.09091E3 -1.09091E3 -1.09091E3 -1.09315E3 -1.0926E3 -1.09091E3 -1.08702E3 -1.08182E3 -1.08182E3 -1.08017E3 -1.0768E3 -1.08079E3 -1.07488E3 -1.07229E3 -1.06369E3 -1.06364E3 -1.06364E3 -1.0649E3 -1.07099E3 -1.06617E3 -1.05629E3 -1.04791E3 -1.0452E3 -1.04545E3 -1.04147E3 -1.03996E3 -1.04852E3 -1.05711E3 -1.06364E3 -1.06505E3 -1.0727E3 -1.08163E3 -1.09847E3 -1.09824E3 -1.09623E3 -1.10319E3 -1.10417E3 -1.1037E3 -1.0971E3 -1.09364E3 -1.09314E3 -1.08991E3 -1.08466E3
-1.07891E3 -1.07262E3 -1.06644E3 -1.06388E3 -1.05818E3 -1.05228E3 -1.05117E3 -1.05559E3 -1.06144E3 -1.06545E3 -1.06684E3 -1.0728E3 -1.0819E3 -1.08608E3 -1.08732E3 -1.08583E3 -1.08182E3 -1.08316E3 -1.09091E3 -1.09072E3 -1.08615E3 -1.09057E3 -1.09091E3 -1.09091E3 -1.09091E3 -1.09091E3 -1.09091E3 -1.09091E3 -1.09091E3 -1.09091E3 -1.09091E3 -1.08745E3 -1.08182E3 -1.08182E3 -1.07986E3 -1.07317E3 -1.07502E3 -1.07273E3 -1.07273E3 -1.0708E3 -1.07085E3 -1.07102E3 -1.06535E3 -1.0646E3 -1.06403E3 -1.05812E3 -1.04954E3 -1.04545E3 -1.04545E3 -1.04881E3 -1.05157E3 -1.0481E3 -1.05651E3 -1.06374E3 -1.06451E3 -1.06511E3 -1.07266E3 -1.08687E3 -1.08894E3 -1.08471E3 -1.0876E3 -1.08846E3 -1.08822E3 -1.0843E3 -1.0801E3 -1.0784E3 -1.07815E3 -1.07644E3
-1.07028E3 -1.07022E3 -1.06773E3 -1.06407E3 -1.06589E3 -1.06643E3 -1.06857E3 -1.06953E3 -1.0697E3 -1.07492E3 -1.07754E3 -1.07971E3 -1.08412E3 -1.08322E3 -1.08182E3 -1.08264E3 -1.08626E3 -1.09023E3 -1.0947E3 -1.0909E3 -1.08688E3 -1.08653E3 -1.09017E3 -1.09091E3 -1.09091E3 -1.09418E3 -1.09285E3 -1.09378E3 -1.09355E3 -1.09091E3 -1.09091E3 -1.08979E3 -1.08771E3 -1.08652E3 -1.08134E3 -1.07839E3 -1.07273E3 -1.07273E3 -1.07273E3 -1.0665E3 -1.06552E3 -1.06534E3 -1.05865E3 -1.05588E3 -1.0557E3 -1.05054E3 -1.04993E3 -1.05397E3 -1.05088E3 -1.04837E3 -1.05455E3 -1.05459E3 -1.05629E3 -1.06448E3 -1.07273E3 -1.07273E3 -1.07273E3 -1.07273E3 -1.07866E3 -1.08666E3 -1.08239E3 -1.07937E3 -1.07913E3 -1.07889E3 -1.0759E3 -1.07273E3 -1.07273E3 -1.07008E3
-1.05873E3 -1.0586E3 -1.05248E3 -1.05975E3 -1.06826E3 -1.07203E3 -1.07906E3 -1.07803E3 -1.07751E3 -1.08019E3 -1.08001E3 -1.07611E3 -1.07395E3 -1.07792E3 -1.08182E3 -1.08355E3 -1.09213E3 -1.09969E3 -1.09568E3 -1.08308E3 -1.07799E3 -1.07743E3 -1.08455E3 -1.0897E3 -1.09416E3 -1.09537E3 -1.09552E3 -1.09809E3 -1.09827E3 -1.09418E3 -1.09091E3 -1.09091E3 -1.08955E3 -1.08433E3 -1.08182E3 -1.08128E3 -1.07273E3 -1.07273E3 -1.06663E3 -1.05814E3 -1.05642E3 -1.05625E3 -1.05506E3 -1.04988E3 -1.04661E3 -1.04595E3 -1.04579E3 -1.0492E3 -1.05168E3 -1.04779E3 -1.05453E3 -1.05603E3 -1.06364E3 -1.06386E3 -1.07161E3 -1.07263E3 -1.07273E3 -1.07152E3 -1.07227E3 -1.07755E3 -1.07534E3 -1.07135E3 -1.07005E3 -1.07111E3 -1.07273E3 -1.07161E3 -1.06808E3 -1.06381E3
-1.04549E3 -1.04787E3 -1.04572E3 -1.05087E3 -1.05681E3 -1.06464E3 -1.07306E3 -1.06836E3 -1.067E3 -1.06818E3 -1.06946E3 -1.07401E3 -1.07688E3 -1.08022E3 -1.08465E3 -1.08325E3 -1.09144E3 -1.09568E3 -1.087E3 -1.07372E3 -1.07273E3 -1.06915E3 -1.07851E3 -1.08493E3 -1.09198E3 -1.09265E3 -1.0957E3 -1.1E3 -1.1E3 -1.09678E3 -1.09091E3 -1.09091E3 -1.08926E3 -1.08182E3 -1.08182E3 -1.08174E3 -1.07318E3 -1.07273E3 -1.07087E3 -1.06362E3 -1.05658E3 -1.05455E3 -1.04998E3 -1.04606E3 -1.04545E3 -1.04198E3 -1.03713E3 -1.03977E3 -1.04794E3 -1.05267E3 -1.04794E3 -1.06342E3 -1.06364E3 -1.06364E3 -1.06364E3 -1.0713E3 -1.07273E3 -1.06724E3 -1.07027E3 -1.07273E3 -1.07273E3 -1.06948E3 -1.06516E3 -1.06592E3 -1.06859E3 -1.06449E3 -1.05824E3 -1.05064E3
-1.04793E3 -1.05412E3 -1.04428E3 -1.04279E3 -1.04271E3 -1.04904E3 -1.0594E3 -1.06189E3 -1.0622E3 -1.06942E3 -1.0773E3 -1.08025E3 -1.08012E3 -1.07978E3 -1.09057E3 -1.08946E3 -1.09091E3 -1.09079E3 -1.07842E3 -1.07326E3 -1.07273E3 -1.06908E3 -1.07148E3 -1.06946E3 -1.07584E3 -1.08643E3 -1.09532E3 -1.1E3 -1.1E3 -1.09719E3 -1.09091E3 -1.0898E3 -1.08458E3 -1.08136E3 -1.0756E3 -1.07544E3 -1.07298E3 -1.07273E3 -1.06736E3 -1.0642E3 -1.0576E3 -1.05455E3 -1.04958E3 -1.04168E3 -1.03751E3 -1.03697E3 -1.03636E3 -1.03864E3 -1.04719E3 -1.05452E3 -1.05455E3 -1.05466E3 -1.06321E3 -1.06364E3 -1.06364E3 -1.06984E3 -1.07236E3 -1.07273E3 -1.07169E3 -1.07076E3 -1.07157E3 -1.07172E3 -1.06683E3 -1.06072E3 -1.05835E3 -1.05115E3 -1.05028E3 -1.04545E3
-1.05213E3 -1.052E3 -1.03859E3 -1.0385E3 -1.04115E3 -1.05012E3 -1.06005E3 -1.06188E3 -1.06217E3 -1.07034E3 -1.0821E3 -1.08678E3 -1.08432E3 -1.08299E3 -1.08866E3 -1.09543E3 -1.08708E3 -1.08697E3 -1.07763E3 -1.07689E3 -1.07359E3 -1.07273E3 -1.06963E3 -1.06265E3 -1.06684E3 -1.08431E3 -1.09998E3 -1.1032E3 -1.1E3 -1.0976E3 -1.09091E3 -1.08958E3 -1.08131E3 -1.07567E3 -1.07282E3 -1.07273E3 -1.07273E3 -1.07273E3 -1.0661E3 -1.06364E3 -1.0581E3 -1.05455E3 -1.0501E3 -1.04155E3 -1.03343E3 -1.03075E3 -1.03636E3 -1.03647E3 -1.03792E3 -1.04625E3 -1.05455E3 -1.05455E3 -1.06223E3 -1.06299E3 -1.06344E3 -1.06288E3 -1.06821E3 -1.0721E3 -1.06887E3 -1.06378E3 -1.0651E3 -1.06719E3 -1.05916E3 -1.05391E3 -1.05045E3 -1.04545E3 -1.04545E3 -1.04545E3
