mx_out/species_projection_files_clamping.asc
ncols         290
nrows         273
xllcorner     -87855.1146155433
yllcorner     -18027.3076111057
cellsize      2670.000000000001
NODATA_value  -9999
[rows 150 to 179 of 273, columns 136 to 203 of 290]
3.42817E-2 1.12101E-1 -9999 5.21388E-2 -9999 -9999 -9999 -9999 -9999 -9999 -9999 -9999 4.2916E-3 3.27699E-2 4.19776E-2 3.49871E-2 4.63984E-2 7.64299E-2 7.74604E-2 1.28165E-1 1.75471E-1 8.4995E-2 5.21136E-2 4.10002E-2 3.24323E-2 5.13369E-2 2.29344E-2 4.11873E-2 4.25345E-2 4.72589E-2 1.5011E-2 9.44174E-3 1.25992E-2 1.83973E-2 4.9809E-2 2.64152E-2 2.31728E-2 2.72604E-2 3.55457E-2 1.74204E-2 4.28316E-2 1.49197E-2 1.86407E-2 7.82425E-2 2.43075E-2 5.44252E-2 3.34886E-2 3.75193E-2 5.17769E-2 2.42699E-2 1.90235E-2 3.47608E-2 1.86548E-2 1.65468E-2 5.59215E-3 1.02505E-3 6.38556E-4 1.61029E-3 1.39465E-3 5.67143E-4 2.00204E-3 1.18309E-3 3.66788E-3 -9999 -9999 -9999 -9999 -9999
3.3018E-2 2.72082E-2 -9999 -9999 -9999 -9999 -9999 -9999 -9999 -9999 -9999 -9999 1.71296E-2 5.58776E-2 1.76382E-1 1.44661E-1 1.28238E-1 9.47903E-2 3.1425E-2 2.16012E-2 3.71191E-2 7.5886E-2 7.22451E-2 5.91309E-2 4.20661E-2 7.04926E-2 5.12655E-2 6.10868E-2 3.83555E-2 5.77024E-2 4.56E-2 1.24835E-2 1.25601E-2 1.25751E-2 1.75051E-2 8.10639E-2 3.69934E-2 5.96394E-2 2.05909E-2 1.67178E-2 1.73839E-2 2.63574E-2 2.58566E-2 1.71241E-2 2.66883E-2 2.4773E-2 2.56415E-2 3.15449E-2 3.2216E-2 6.92549E-2 4.5755E-2 2.75164E-2 1.23021E-2 9.98797E-3 6.40327E-3 2.13248E-3 9.47213E-4 5.83612E-4 4.65657E-4 8.24377E-4 1.58825E-3 1.92676E-3 1.25837E-3 5.95331E-4 -9999 -9999 -9999 -9999
-9999 -9999 -9999 -9999 -9999 -9999 -9999 -9999 -9999 -9999 -9999 1.12771E-2 1.24265E-1 1.18995E-1 4.709E-2 4.02406E-2 3.11217E-2 4.16735E-2 2.89569E-2 2.89969E-2 6.20514E-2 8.39697E-2 8.40504E-2 8.08629E-2 6.11056E-2 4.83939E-2 7.55617E-2 5.47793E-2 3.48504E-2 7.61648E-2 5.33201E-2 5.40001E-2 2.26324E-2 1.88981E-2 3.02573E-2 2.32054E-2 3.0403E-2 2.70364E-2 5.23186E-2 2.58024E-2 4.37814E-2 6.8707E-2 3.85599E-2 9.50858E-2 7.54617E-2 2.68957E-2 5.75511E-2 1.74012E-2 2.40462E-2 4.89395E-2 7.24191E-2 3.27099E-2 2.44869E-2 1.85341E-2 8.95231E-3 1.63016E-3 8.93456E-4 6.5578E-4 4.28788E-4 1.09954E-3 2.93886E-3 2.88964E-3 2.20184E-3 2.03498E-3 -9999 -9999 -9999 -9999
-9999 -9999 -9999 -9999 -9999 -9999 -9999 -9999 -9999 -9999 7.23553E-2 1.52103E-1 4.14087E-2 3.15737E-2 4.75954E-2 5.71406E-2 6.47442E-2 2.67212E-2 7.40372E-2 1.95281E-2 2.34426E-2 3.16035E-2 8.26134E-2 6.90159E-2 6.28965E-2 4.56906E-2 5.91031E-2 6.48006E-2 2.56762E-2 6.67456E-2 6.47262E-2 5.12488E-2 3.57745E-2 9.17039E-3 1.53875E-2 1.37984E-2 2.20505E-2 2.2257E-2 1.5334E-2 2.1875E-2 1.54339E-2 3.02572E-2 8.05236E-2 4.4046E-2 1.9386E-2 1.93955E-2 6.76444E-2 7.15714E-2 6.26931E-2 5.22246E-2 4.14605E-2 3.30259E-2 4.02387E-2 2.73104E-2 5.56897E-3 1.09452E-3 5.60289E-4 8.15796E-4 8.30103E-4 2.55747E-3 3.37962E-3 3.17028E-3 2.45437E-3 1.50465E-3 3.82869E-3 5.26973E-4 -9999 -9999
-9999 -9999 -9999 -9999 -9999 -9999 -9999 -9999 -9999 4.13463E-2 1.01147E-1 7.51229E-2 7.13057E-2 5.79178E-2 4.6254E-2 5.13283E-2 6.42159E-2 5.81293E-2 2.02421E-2 1.14242E-2 1.22639E-2 1.50322E-2 4.35277E-2 3.25299E-2 4.09063E-2 7.3496E-2 8.58163E-2 6.797E-2 5.07304E-2 6.28155E-2 5.95425E-2 4.34895E-2 4.64526E-2 2.69693E-2 9.93753E-3 1.39234E-2 1.86001E-2 2.14968E-2 2.26041E-2 3.06204E-2 2.47927E-2 3.17932E-2 2.13448E-2 1.41082E-2 1.52814E-2 1.78882E-2 3.48991E-2 2.24308E-2 2.28167E-2 3.52627E-2 3.58009E-2 2.55624E-2 1.1958E-2 5.56679E-3 1.89413E-3 1.60623E-3 3.77544E-3 2.46877E-3 9.63574E-4 1.24991E-3 1.95589E-3 1.99055E-3 1.13366E-3 2.12653E-3 6.75626E-3 6.83928E-4 1.91565E-4 -9999
-9999 -9999 -9999 -9999 -9999 -9999 -9999 -9999 4.11589E-2 1.09903E-1 4.48911E-2 5.31519E-2 4.12154E-2 6.68611E-2 4.13496E-2 1.08138E-2 1.8174E-2 6.14717E-2 3.20364E-2 1.30705E-2 1.14023E-2 5.55409E-2 4.69689E-2 4.07473E-2 8.38751E-2 7.45554E-2 8.42823E-2 6.4545E-2 6.92493E-2 7.23085E-2 6.66594E-2 7.66002E-2 3.96403E-2 4.67387E-2 4.99094E-2 8.83992E-3 1.26215E-2 1.85044E-2 1.95971E-2 2.48536E-2 2.20082E-2 1.99907E-2 4.15515E-2 8.05235E-2 7.91596E-2 1.87813E-2 2.31309E-2 3.4276E-2 4.25724E-2 9.91264E-2 5.90063E-2 3.51573E-2 2.59393E-2 9.672E-3 3.5304E-3 3.92876E-3 3.20021E-3 1.24688E-3 1.02003E-3 7.99815E-4 9.99698E-4 1.55239E-3 1.79942E-3 3.5106E-3 8.57888E-4 2.95332E-4 1.60371E-4 1.2087E-4
-9999 -9999 -9999 -9999 -9999 -9999 -9999 -9999 1.3744E-1 2.72976E-2 2.80936E-2 6.48196E-2 3.72962E-2 2.77678E-2 5.14837E-2 1.64529E-2 1.83351E-2 4.5714E-2 6.71073E-2 4.73368E-2 6.90035E-2 3.13512E-2 1.52004E-2 3.72442E-2 3.45185E-2 7.32373E-2 3.94309E-2 2.60606E-2 6.4535E-2 8.43807E-2 3.71075E-2 3.68021E-2 7.4426E-2 6.8394E-2 3.15697E-2 4.73667E-2 2.36215E-2 9.56445E-3 1.19797E-2 3.16917E-2 3.38877E-2 2.85563E-2 2.69836E-2 3.34473E-2 6.70909E-2 9.33399E-2 7.87294E-2 3.79434E-2 7.41637E-2 7.46489E-2 5.4252E-2 4.8059E-2 2.99646E-2 1.36948E-2 1.64381E-2 7.48415E-3 2.12771E-3 1.09784E-3 6.89785E-4 1.52232E-3 2.64451E-3 3.06639E-3 2.28651E-3 6.16288E-4 2.14974E-4 1.06909E-4 8.70358E-5 2.85302E-4
-9999 -9999 -9999 -9999 -9999 -9999 -9999 4.66704E-2 5.64821E-2 4.35604E-2 4.42615E-2 4.95478E-2 2.58746E-2 1.35867E-2 1.38724E-2 6.44123E-2 1.78501E-2 2.90481E-2 5.868E-2 9.6415E-3 2.13421E-2 8.59045E-3 1.8377E-2 6.8821E-2 1.33234E-2 2.52606E-2 1.17513E-2 6.03691E-2 8.1824E-2 3.45071E-2 6.50413E-2 6.9965E-2 7.4975E-2 5.20055E-2 7.69443E-2 6.33765E-2 6.09679E-2 2.52446E-2 2.53312E-2 6.67074E-2 7.4465E-2 2.46658E-2 1.33854E-2 1.42093E-2 5.60789E-2 2.56398E-2 4.55416E-2 8.36475E-2 6.24837E-2 5.09992E-2 3.19945E-2 3.1071E-2 1.32371E-2 7.24144E-3 4.43254E-3 3.73826E-3 1.83891E-3 1.12984E-3 1.00633E-3 1.96469E-3 3.07471E-3 2.89857E-3 8.84518E-4 2.99844E-4 2.28896E-4 3.85542E-4 1.35322E-3 1.47645E-3
-9999 -9999 -9999 -9999 -9999 -9999 -9999 6.30516E-2 6.70082E-2 6.39942E-2 3.03873E-2 2.28138E-2 1.25021E-2 1.20973E-2 1.10837E-2 1.87327E-2 2.08921E-2 4.00444E-2 6.24492E-2 1.02335E-2 1.85101E-2 4.98163E-2 1.54727E-2 3.48735E-2 2.69156E-2 1.21935E-2 1.50921E-2 1.63326E-2 2.79734E-2 2.84999E-2 5.71346E-2 2.7215E-2 6.80379E-2 4.65526E-2 9.72464E-2 6.22564E-2 5.06997E-2 6.45693E-2 4.67762E-2 4.0786E-2 3.95392E-2 5.69482E-2 8.58851E-2 6.51518E-2 7.44134E-2 9.46323E-2 6.48279E-2 5.40836E-2 5.24035E-2 5.25999E-2 4.20518E-2 2.75979E-2 2.52565E-2 1.28325E-2 4.48315E-3 2.61316E-3 5.55839E-3 3.29631E-3 2.52779E-3 3.00908E-3 2.28709E-3 1.94413E-3 1.07318E-3 1.23187E-3 1.37895E-3 8.89182E-4 1.53226E-3 2.3623E-3
-9999 -9999 -9999 -9999 -9999 -9999 -9999 -9999 2.47881E-1 2.12142E-1 4.0134E-2 1.64116E-2 1.40323E-2 9.54197E-3 1.3066E-2 1.40529E-2 9.89159E-3 1.4558E-2 1.74985E-2 1.41629E-2 1.65354E-2 6.79822E-2 1.26361E-2 1.37078E-2 2.64286E-2 1.12848E-2 1.71238E-2 1.55099E-2 1.98454E-2 1.45799E-2 7.51681E-2 7.46514E-2 7.06538E-2 3.79914E-2 3.35059E-2 6.79422E-2 7.57001E-2 6.37907E-2 4.79013E-2 9.30421E-3 2.29807E-2 1.7235E-2 2.10397E-2 1.72539E-2 1.55368E-2 2.1289E-2 1.82447E-2 4.77234E-2 2.11018E-2 4.22564E-2 4.64226E-2 5.05184E-2 4.99575E-2 4.34556E-2 1.39281E-2 4.01917E-3 1.17058E-3 3.29187E-3 3.0377E-3 3.63333E-3 8.80643E-4 1.51616E-3 1.70018E-3 2.10955E-3 1.07786E-3 1.60208E-3 1.86859E-3 1.85342E-3
-9999 -9999 -9999 -9999 -9999 -9999 -9999 -9999 -9999 3.43047E-2 1.70126E-1 4.69257E-2 3.88308E-2 2.09746E-2 1.06712E-2 1.04366E-2 1.1266E-2 1.19474E-2 1.29324E-2 1.47218E-2 1.91216E-2 7.6137E-2 5.76438E-2 3.82767E-2 4.64118E-2 1.12139E-2 6.05661E-2 1.77451E-2 1.72718E-2 6.21064E-2 2.15575E-2 5.35886E-2 3.55555E-2 4.40591E-2 3.77344E-2 8.21298E-2 6.75258E-2 7.21914E-2 4.69142E-2 1.62484E-2 2.49269E-2 2.48911E-2 1.73502E-2 1.36079E-2 1.66272E-2 1.59712E-2 4.31101E-2 2.15556E-2 3.43401E-2 3.69761E-2 2.7593E-2 6.44355E-2 4.67045E-2 3.61321E-2 2.65997E-2 8.33954E-3 1.97611E-3 4.54067E-3 4.02991E-3 3.09568E-3 1.0752E-3 1.28419E-3 7.20883E-4 1.07065E-3 1.98071E-3 1.99629E-3 1.4621E-2 1.76344E-2
-9999 -9999 -9999 -9999 -9999 -9999 -9999 -9999 -9999 -9999 3.50824E-2 9.76637E-2 1.89451E-1 6.66765E-2 4.28552E-2 1.80374E-2 1.02644E-2 1.26272E-2 1.18185E-2 1.48021E-2 6.56396E-2 5.538E-2 7.48799E-2 5.86387E-2 3.15477E-2 5.77605E-2 6.54116E-2 6.50498E-2 6.51095E-2 6.31924E-2 4.06388E-2 6.41542E-2 4.68593E-2 8.15887E-3 1.18975E-2 1.70032E-2 2.66413E-2 8.42073E-3 4.32611E-2 1.46748E-2 2.28589E-2 2.96299E-2 7.11384E-2 2.29681E-2 2.04869E-2 2.76536E-2 2.98429E-2 4.79282E-2 4.50681E-2 6.40257E-2 8.04971E-2 7.89882E-2 5.77897E-2 3.25628E-2 1.64115E-2 7.44094E-3 8.46183E-3 5.01904E-3 2.74537E-3 3.04361E-3 1.16645E-3 1.13517E-3 1.56415E-3 2.16559E-3 1.31229E-2 6.92198E-3 1.75014E-2 4.65853E-2
-9999 -9999 -9999 -9999 -9999 -9999 -9999 -9999 -9999 -9999 -9999 1.70482E-2 8.74281E-2 4.90933E-2 6.82715E-3 1.37837E-2 2.2226E-2 1.39682E-2 1.23356E-2 4.1497E-2 4.45403E-2 5.67134E-2 6.72809E-2 5.08984E-2 4.18954E-2 5.41815E-2 6.61193E-2 5.90281E-2 5.14336E-2 3.32936E-2 4.9847E-2 5.41814E-2 7.43393E-2 9.02843E-3 1.42957E-2 1.01185E-2 7.90034E-3 1.48048E-2 6.06208E-2 1.47557E-2 1.93971E-2 1.90325E-2 1.76851E-2 2.04883E-2 1.85086E-2 2.19217E-2 1.27571E-2 1.94431E-2 2.49994E-2 3.88325E-2 3.7721E-2 7.83802E-2 8.89856E-2 4.85278E-2 3.20016E-2 9.51979E-3 1.31696E-2 6.86297E-3 2.72763E-3 2.88984E-3 2.10925E-3 1.50145E-3 1.54162E-3 4.54161E-3 9.18891E-3 1.75906E-2 1.09543E-2 1.67296E-2
-9999 -9999 -9999 -9999 -9999 -9999 -9999 -9999 -9999 -9999 -9999 4.14149E-3 4.31415E-2 2.91078E-2 7.35688E-3 1.875E-2 6.14722E-2 5.42827E-2 3.19811E-2 1.97232E-2 1.8705E-2 6.71058E-2 1.74886E-2 4.95701E-2 5.86206E-2 6.56166E-2 1.5739E-1 5.42176E-2 6.52058E-2 3.98792E-2 4.69051E-2 6.67369E-2 6.91987E-2 3.97517E-2 5.79659E-2 2.01049E-2 1.82872E-2 2.6663E-2 4.49833E-2 1.81224E-2 3.04177E-2 6.16179E-2 4.35688E-2 7.03269E-2 6.33822E-2 4.11375E-2 5.18705E-2 5.08479E-2 6.80206E-2 6.94009E-2 7.62422E-2 8.25686E-2 4.96147E-2 4.03478E-2 2.31395E-2 1.01354E-2 1.31443E-2 6.04969E-3 3.25992E-3 2.06452E-3 2.17809E-3 2.03829E-3 1.91386E-3 2.95094E-3 9.69947E-3 2.59153E-2 1.95868E-2 3.79915E-2
-9999 -9999 -9999 -9999 -9999 -9999 -9999 -9999 -9999 -9999 -9999 -9999 1.34626E-2 2.59262E-2 1.63456E-2 5.70118E-2 3.22707E-1 4.58259E-2 2.94448E-2 7.29178E-2 7.86674E-2 3.68232E-1 6.94247E-2 5.41528E-2 4.94211E-2 9.99118E-2 1.68887E-1 1.90759E-1 2.13047E-1 4.09217E-2 4.53658E-2 3.60319E-2 5.97513E-2 7.65829E-3 1.31868E-2 7.39629E-2 2.97566E-2 2.42131E-2 1.42824E-2 2.46693E-2 9.90295E-3 3.19425E-2 1.98439E-2 1.54912E-2 8.28057E-3 2.33611E-2 6.08381E-2 1.40193E-2 2.32243E-2 7.47791E-2 3.67825E-2 2.75953E-2 3.49269E-2 4.00087E-2 3.42455E-2 3.63877E-2 1.42558E-2 6.56678E-3 5.45096E-3 3.02279E-3 2.01384E-3 2.58552E-3 3.4124E-3 1.21797E-3 7.93291E-3 1.95949E-2 3.0267E-2 2.72356E-2
-9999 -9999 -9999 -9999 -9999 -9999 -9999 -9999 -9999 -9999 -9999 -9999 -9999 1.14298E-1 2.15047E-1 2.66117E-1 7.58242E-3 6.22284E-2 1.76053E-2 6.84549E-2 9.41383E-2 1.64929E-2 8.70828E-2 5.82081E-2 5.95213E-2 7.14061E-2 8.11912E-2 1.96719E-1 2.13982E-1 3.42877E-2 7.19126E-2 8.75423E-2 4.88223E-2 1.0131E-2 9.44629E-3 1.45689E-2 1.11974E-2 2.90695E-2 2.75414E-2 1.53206E-2 1.85276E-2 2.58053E-2 1.41025E-2 1.83001E-2 2.85859E-2 1.62563E-2 1.90598E-2 1.59914E-2 2.84066E-2 1.65155E-2 2.83726E-2 2.04535E-2 9.83018E-2 8.0043E-2 4.30429E-2 3.44242E-2 1.47409E-2 1.45957E-2 7.86088E-3 4.25512E-3 2.26258E-3 1.74666E-3 1.94776E-3 2.20252E-3 1.38403E-3 4.44631E-3 2.86811E-2 3.97224E-2
-9999 -9999 -9999 -9999 -9999 -9999 -9999 -9999 -9999 -9999 -9999 -9999 -9999 -9999 5.60483E-3 7.61034E-3 2.8133E-2 1.1227E-1 5.0099E-2 8.43789E-2 2.52748E-1 3.53053E-3 7.84313E-2 2.48082E-1 -9999 4.62098E-2 2.19774E-1 2.68659E-1 2.19114E-1 4.25367E-2 7.75584E-2 1.01944E-1 6.59728E-2 4.54473E-2 1.91781E-2 1.64957E-2 3.18154E-2 1.0546E-2 7.47205E-2 1.69773E-2 9.48159E-3 2.24251E-2 2.20025E-2 1.67884E-2 6.31658E-2 1.17119E-2 1.70158E-2 1.89899E-2 1.91052E-2 3.22723E-2 2.37166E-2 2.39644E-2 2.72914E-2 2.99525E-2 6.71988E-2 3.79751E-2 1.82333E-2 9.13428E-3 7.74753E-3 4.72266E-3 4.14656E-3 2.06817E-3 9.1461E-4 1.27576E-3 2.06914E-3 1.45933E-3 1.45512E-3 8.32672E-4
-9999 -9999 -9999 -9999 -9999 -9999 -9999 -9999 -9999 -9999 -9999 -9999 -9999 -9999 -9999 -9999 7.82206E-2 1.67759E-1 2.27975E-1 2.37715E-1 2.76969E-1 -9999 8.60121E-3 3.10468E-2 -9999 -9999 2.49826E-2 1.37201E-1 1.37064E-1 4.8161E-2 1.04028E-1 1.86869E-1 4.17352E-2 3.15145E-2 3.8559E-2 4.52039E-2 4.16573E-2 1.33009E-2 2.50953E-2 5.37363E-2 1.1766E-2 1.3576E-2 2.32534E-2 2.00489E-2 2.15675E-2 4.75142E-2 1.01338E-2 1.6223E-2 2.15164E-2 1.96814E-2 3.80059E-2 2.37063E-2 1.59621E-2 2.2874E-2 4.52784E-2 4.34812E-2 2.64415E-2 1.07785E-2 1.33068E-2 6.29708E-3 5.65397E-3 2.33736E-3 6.03261E-4 7.54207E-4 1.14531E-3 1.78416E-3 3.48196E-3 1.79928E-3
-9999 -9999 -9999 -9999 -9999 -9999 -9999 -9999 -9999 -9999 -9999 -9999 -9999 -9999 -9999 3.68073E-2 1.79704E-2 3.5211E-2 4.47182E-2 -9999 -9999 -9999 -9999 -9999 -9999 -9999 2.34534E-2 1.34515E-1 3.57788E-2 5.13266E-2 5.01442E-2 5.44112E-2 3.22807E-2 4.86503E-2 2.71678E-2 7.67459E-2 8.2791E-2 8.26469E-2 4.48295E-2 6.22989E-2 1.44202E-2 1.29364E-2 3.1351E-2 1.99033E-2 2.31286E-2 6.6934E-2 3.30176E-2 1.66821E-2 1.5671E-2 1.69231E-2 2.01853E-2 4.8029E-2 6.31545E-2 7.92451E-2 9.75629E-2 5.1465E-2 4.13297E-2 1.50064E-2 1.19997E-2 5.06708E-3 3.36288E-3 2.33235E-3 4.55053E-4 2.12733E-4 6.97518E-4 4.15206E-4 6.13667E-4 1.6514E-3
-9999 -9999 -9999 -9999 -9999 -9999 -9999 -9999 -9999 -9999 -9999 -9999 -9999 -9999 -9999 -9999 -9999 -9999 -9999 -9999 -9999 -9999 -9999 -9999 3.11275E-2 1.7994E-2 2.86829E-2 1.32397E-1 6.22527E-2 2.49573E-2 1.76869E-2 2.50011E-2 1.07667E-2 4.81263E-2 1.76976E-2 1.66647E-2 2.15774E-2 2.16619E-2 7.32029E-2 6.05827E-2 1.29184E-2 1.4831E-2 5.16252E-2 1.6767E-2 3.36732E-2 5.28106E-2 5.48496E-2 7.07251E-2 3.56666E-2 1.62557E-2 2.58963E-2 7.67001E-2 6.75638E-2 8.84841E-2 6.8005E-2 7.01377E-2 3.92564E-2 2.48081E-2 1.14318E-2 1.20739E-2 5.32663E-3 4.32854E-3 3.69898E-3 1.20226E-3 4.33255E-4 3.25078E-4 2.96757E-4 2.79369E-4
-9999 -9999 -9999 -9999 -9999 -9999 -9999 -9999 -9999 -9999 -9999 -9999 -9999 -9999 -9999 -9999 -9999 -9999 -9999 -9999 -9999 -9999 -9999 -9999 2.09167E-2 1.83619E-2 4.40587E-2 8.20149E-2 3.886E-2 1.50608E-2 1.29842E-2 1.17946E-2 1.8221E-2 1.98216E-2 1.28693E-2 4.63572E-2 3.40851E-2 6.94075E-2 8.73549E-2 9.17698E-2 7.35601E-2 6.11857E-2 8.15839E-2 7.07173E-2 6.75934E-2 4.34054E-2 1.00997E-2 1.65916E-2 5.74409E-2 1.29174E-2 3.11116E-2 9.40946E-2 8.82449E-2 9.58662E-2 7.12528E-2 4.23562E-2 3.85375E-2 2.82192E-2 8.75086E-3 5.02935E-3 8.24486E-3 5.29817E-3 4.26538E-3 3.31067E-3 5.11396E-4 2.23364E-4 2.48801E-4 2.36169E-4
-9999 -9999 -9999 -9999 -9999 -9999 -9999 -9999 -9999 -9999 -9999 -9999 -9999 -9999 -9999 -9999 -9999 -9999 -9999 -9999 -9999 -9999 -9999 -9999 -9999 1.06107E-2 2.41533E-2 1.53819E-1 4.62308E-2 3.23213E-2 1.38364E-2 1.7919E-2 2.36493E-2 2.62393E-2 2.28131E-2 8.06918E-2 3.19878E-2 5.92729E-2 8.42311E-2 7.77609E-2 5.96424E-2 4.35874E-2 7.19889E-2 6.59432E-2 7.64492E-2 6.01656E-2 4.13993E-2 4.50835E-2 6.83092E-2 6.43898E-2 3.14922E-2 4.55597E-2 7.10272E-2 9.10902E-2 6.76457E-2 6.34146E-2 4.58685E-2 3.72888E-2 1.87247E-2 6.66975E-3 1.02413E-2 4.72143E-3 2.29691E-3 1.99331E-3 9.68772E-4 4.85582E-4 1.59199E-4 1.67395E-4
-9999 -9999 -9999 -9999 -9999 -9999 -9999 -9999 -9999 -9999 -9999 -9999 -9999 -9999 -9999 -9999 -9999 -9999 -9999 -9999 -9999 9.58961E-3 1.24967E-2 1.75931E-2 1.57843E-2 1.32168E-2 1.90335E-2 8.91109E-2 2.75931E-2 3.89639E-2 1.54613E-2 1.55493E-2 1.93101E-2 6.81931E-2 3.82628E-2 3.62368E-2 2.89453E-2 7.1077E-2 6.0665E-2 3.84029E-2 3.45711E-2 8.10076E-2 5.92857E-2 4.17885E-2 3.34173E-2 4.26841E-2 4.97913E-2 5.01632E-2 5.69094E-2 7.0635E-2 4.92922E-2 4.2361E-2 5.95552E-2 5.73984E-2 6.64379E-2 5.20621E-2 4.19523E-2 3.2177E-2 1.96195E-2 1.20633E-2 4.24599E-3 5.2553E-3 3.13661E-3 1.81194E-3 1.27205E-3 8.7336E-4 3.36761E-4 4.85151E-4
-9999 -9999 -9999 -9999 -9999 -9999 -9999 -9999 -9999 -9999 -9999 -9999 -9999 -9999 -9999 -9999 -9999 -9999 -9999 -9999 8.95899E-3 1.11654E-2 1.24369E-2 2.36271E-2 2.55565E-2 1.33306E-2 2.41183E-2 4.20307E-2 1.26657E-1 5.17425E-2 6.01886E-2 6.56333E-2 6.48246E-2 6.50119E-2 5.71647E-2 7.79206E-2 6.08126E-2 3.97382E-2 2.77735E-2 3.85882E-2 2.71718E-2 5.58338E-2 5.65861E-2 3.54486E-2 8.23883E-2 8.00852E-2 7.26108E-2 6.33615E-2 5.28262E-2 3.93837E-2 5.40173E-2 7.15652E-2 4.32907E-2 4.39194E-2 4.78777E-2 2.66832E-2 3.64412E-2 2.8583E-2 1.17713E-2 6.22122E-3 6.42854E-3 3.99837E-3 4.38434E-3 2.3156E-3 8.23757E-4 2.1363E-4 2.13964E-4 1.35554E-4
-9999 -9999 -9999 -9999 -9999 -9999 -9999 -9999 -9999 -9999 -9999 -9999 -9999 -9999 -9999 -9999 -9999 -9999 -9999 -9999 1.75412E-2 3.22273E-2 2.2642E-2 2.97881E-2 5.21027E-2 4.95289E-2 3.80166E-2 3.03307E-2 1.11025E-1 5.24138E-2 4.9484E-2 5.78864E-2 5.48647E-2 5.02241E-2 7.66874E-2 1.03103E-1 5.48402E-2 2.92612E-2 3.68319E-2 6.43771E-2 6.52593E-2 3.75566E-2 3.63572E-2 4.03242E-2 3.8489E-2 1.82514E-2 8.93112E-2 6.93159E-2 4.83663E-2 5.28808E-2 5.64393E-2 4.42153E-2 5.07006E-2 4.28603E-2 4.0735E-2 3.80429E-2 3.0264E-2 2.25336E-2 2.01628E-2 1.89962E-2 9.28213E-3 4.07527E-3 2.4805E-3 2.68086E-3 2.13439E-3 2.17295E-4 6.98864E-5 8.26481E-5
-9999 -9999 -9999 -9999 -9999 -9999 -9999 -9999 -9999 -9999 -9999 -9999 -9999 -9999 -9999 -9999 -9999 -9999 -9999 -9999 1.96874E-2 2.60189E-2 2.28836E-2 5.26127E-2 1.15293E-1 6.77322E-2 8.8039E-2 7.26832E-2 1.04604E-1 1.21965E-1 5.21196E-2 6.69903E-2 5.95097E-2 4.56915E-2 3.09482E-2 3.49408E-2 5.59472E-2 5.36092E-2 3.77424E-2 3.59229E-2 5.10696E-2 3.42496E-2 3.48942E-2 2.03638E-2 1.5028E-2 1.69962E-2 2.34423E-2 5.32314E-2 5.62662E-2 5.8602E-2 5.39297E-2 5.57727E-2 5.24008E-2 4.19108E-2 5.28807E-2 3.40616E-2 2.22657E-2 1.29509E-2 7.05194E-3 4.7762E-3 3.32845E-3 2.6476E-3 2.11694E-3 1.04098E-3 2.08642E-3 1.64752E-4 6.75107E-5 5.27534E-5
-9999 -9999 -9999 -9999 -9999 -9999 -9999 -9999 -9999 -9999 -9999 -9999 -9999 -9999 -9999 -9999 -9999 -9999 -9999 -9999 1.0327E-2 2.07858E-2 1.5427E-2 1.82088E-2 4.37713E-2 5.27166E-2 2.47215E-2 2.60304E-2 5.12129E-2 1.13991E-1 1.56676E-1 1.36692E-1 3.67843E-2 3.0195E-2 4.21207E-2 3.94256E-2 5.39213E-2 2.08954E-2 2.64169E-2 3.70581E-2 4.20626E-2 6.33878E-2 3.84195E-2 1.92094E-2 3.5924E-2 7.56104E-2 4.64475E-2 2.54205E-2 6.12253E-2 6.17456E-2 7.01401E-2 4.94788E-2 4.94146E-2 4.45347E-2 5.3126E-2 3.62143E-2 1.86991E-2 2.32842E-2 4.54001E-3 1.30208E-2 9.95092E-3 6.68801E-3 5.75894E-3 2.9479E-3 2.44625E-3 2.45153E-4 6.37563E-5 5.71519E-5
-9999 -9999 -9999 -9999 -9999 -9999 -9999 -9999 -9999 -9999 -9999 -9999 -9999 -9999 -9999 -9999 -9999 -9999 -9999 -9999 -9999 4.58361E-3 2.01375E-2 2.7369E-3 2.6141E-3 1.06701E-2 1.4374E-2 2.83448E-2 7.2616E-2 9.29636E-2 6.05629E-2 2.22286E-2 4.22401E-2 4.41487E-2 4.01571E-2 2.81644E-2 3.90733E-2 4.07836E-2 4.78639E-2 4.1433E-2 5.9062E-2 4.67822E-2 7.41221E-2 7.11231E-2 4.96252E-2 4.98074E-2 5.49266E-2 4.73678E-2 4.20067E-2 5.24735E-2 4.69171E-2 5.29336E-2 4.94659E-2 4.7547E-2 4.09887E-2 3.67687E-2 2.78535E-2 2.71452E-2 1.7318E-2 1.27138E-2 9.54081E-3 2.21881E-3 1.41416E-3 2.47595E-3 1.33262E-3 2.05687E-4 7.70305E-5 7.51878E-5
-9999 -9999 -9999 -9999 -9999 -9999 -9999 -9999 -9999 -9999 -9999 -9999 -9999 -9999 -9999 -9999 -9999 -9999 -9999 -9999 -9999 4.86187E-3 6.25328E-3 1.02994E-2 8.9241E-3 1.78739E-2 2.41521E-2 2.28094E-2 4.31849E-2 9.59249E-2 3.44689E-2 2.92872E-2 3.3679E-2 5.75754E-2 5.46691E-2 5.01727E-2 4.86217E-2 6.59644E-2 5.61109E-2 3.02054E-2 6.37271E-2 5.1145E-2 5.48947E-2 6.64157E-2 4.52714E-2 3.74565E-2 8.61585E-2 5.85326E-2 4.7818E-2 5.66659E-2 4.71637E-2 4.73746E-2 5.00669E-2 4.1726E-2 3.53328E-2 3.71765E-2 3.68111E-2 3.82972E-2 4.0527E-2 1.52476E-2 9.53989E-3 8.20506E-3 5.87548E-3 3.74947E-3 3.12991E-3 1.46792E-3 1.86078E-4 8.28401E-5
-9999 -9999 -9999 -9999 -9999 -9999 -9999 -9999 -9999 -9999 -9999 -9999 -9999 -9999 -9999 -9999 -9999 -9999 -9999 -9999 5.47467E-3 1.01325E-2 9.47943E-3 1.39392E-2 9.20063E-3 1.1836E-2 2.05381E-2 3.98456E-2 1.25722E-1 5.18534E-2 4.57422E-2 2.81093E-2 3.68998E-2 4.02384E-2 7.25025E-2 6.37627E-2 5.87841E-2 4.98845E-2 5.6389E-2 3.46596E-2 5.40822E-2 6.07351E-2 5.41177E-2 4.37001E-2 3.15891E-2 4.08153E-2 8.19923E-2 7.72066E-2 6.74736E-2 5.19425E-2 5.376E-2 5.40362E-2 3.8672E-2 5.54483E-2 4.00067E-2 4.54529E-2 3.31449E-2 3.1802E-2 1.9408E-2 1.91798E-2 4.87462E-3 4.57194E-3 3.29539E-3 4.03595E-3 3.11729E-3 2.55587E-3 1.03851E-3 1.04419E-4
