mx_out/species_projection_files_clamping.asc
ncols         290
nrows         273
xllcorner     -87855.1146155433
yllcorner     -18027.3076111057
cellsize      2670.000000000001
NODATA_value  -9999
[rows 210 to 239 of 273, columns 204 to 271 of 290]
2.25498E-4 3.48176E-4 4.81121E-4 7.33337E-4 4.63182E-4 2.86771E-4 1.81878E-4 2.3553E-4 1.9683E-4 2.48178E-4 1.52181E-4 7.9893E-5 7.3625E-5 6.46758E-5 1.11116E-4 6.00787E-5 5.41374E-5 5.16755E-5 2.84465E-5 1.03534E-4 1.97621E-4 1.99887E-4 1.56305E-4 8.20491E-5 5.40664E-5 6.76099E-5 7.95413E-5 4.16142E-5 2.87573E-5 2.30805E-5 7.28753E-6 1.26258E-5 1.0597E-5 1.88406E-5 1.30106E-5 1.08078E-5 6.59913E-6 8.18537E-6 8.8861E-6 1.02787E-5 2.36295E-5 1.09739E-5 1.92885E-5 3.77613E-5 8.2626E-5 1.49928E-4 7.04306E-5 9.19833E-5 1.48293E-4 1.51356E-4 1.80355E-4 8.86975E-5 1.11061E-4 1.29809E-4 1.03877E-4 1.4782E-4 2.87104E-4 3.33198E-4 4.04884E-4 2.53109E-4 3.95221E-4 5.08004E-4 3.01268E-4 4.10449E-4 7.63697E-4 7.44697E-4 7.14207E-4 4.07853E-4
4.41451E-4 2.95961E-4 2.90782E-4 3.82698E-4 2.83497E-4 1.97957E-4 1.08351E-4 1.44877E-4 1.49976E-4 2.02969E-4 1.64165E-4 8.78889E-5 7.46566E-5 8.73514E-5 3.42444E-5 4.93187E-5 7.98084E-5 4.66393E-5 4.14127E-5 1.86472E-4 1.95717E-4 1.86505E-4 1.81552E-4 1.06277E-4 4.61201E-5 1.22139E-4 8.92198E-5 3.35167E-5 3.25548E-5 3.71493E-5 2.56541E-5 1.91147E-5 1.65686E-5 1.51176E-5 1.23443E-5 6.17538E-6 6.96511E-6 6.1638E-6 1.43807E-5 2.41245E-5 4.68858E-5 7.36646E-5 1.22327E-4 1.00077E-4 1.27823E-4 1.38335E-4 1.44992E-4 1.43235E-4 7.95471E-5 8.34962E-5 1.71391E-4 1.35251E-4 7.56695E-5 4.79562E-5 3.79426E-5 9.95668E-5 1.11997E-4 3.13761E-4 2.08209E-4 2.03767E-4 1.96263E-4 2.82259E-4 2.17009E-4 5.62387E-4 7.8512E-4 8.38632E-4 7.07229E-4 6.19772E-4
4.07891E-4 2.38704E-4 1.68323E-4 2.06853E-4 2.13151E-4 9.5267E-5 1.30913E-4 1.06145E-4 1.31189E-4 1.8146E-4 1.42044E-4 1.66579E-4 6.20407E-5 7.57583E-5 3.79396E-5 7.59775E-5 5.9183E-5 6.57655E-5 2.53747E-5 1.00854E-4 1.28368E-4 1.5982E-4 1.43925E-4 6.36349E-5 7.64461E-5 1.4727E-4 1.24168E-4 2.01459E-4 9.23825E-5 1.41222E-4 1.00889E-4 4.55683E-5 2.56275E-5 1.27168E-5 1.46118E-5 9.98734E-6 9.05503E-6 4.31186E-5 1.14871E-4 6.56664E-5 5.89413E-5 3.18509E-5 5.30681E-5 2.0969E-5 2.9926E-5 4.14125E-5 4.33934E-5 2.3336E-5 1.25266E-4 2.86093E-5 4.21711E-5 4.70261E-5 6.14856E-5 5.53532E-5 1.10062E-4 1.22502E-4 1.01093E-4 7.65936E-5 1.32019E-4 2.18108E-4 4.74498E-4 5.41358E-4 4.78769E-4 6.08386E-4 6.44522E-4 6.88734E-4 4.90176E-4 3.82545E-4
4.39718E-4 2.80064E-4 1.87484E-4 1.97016E-4 1.507E-4 1.47025E-4 1.00596E-4 1.18124E-4 6.44453E-5 1.15167E-4 1.13048E-4 1.20655E-4 6.75576E-5 6.59454E-5 1.06054E-4 1.09254E-4 1.31283E-4 6.30836E-5 7.33055E-5 6.29501E-5 1.30197E-4 1.76938E-4 7.81629E-5 9.55273E-5 1.37102E-4 1.10246E-4 3.97587E-5 5.32876E-5 5.35228E-5 1.01981E-4 1.85088E-4 1.57362E-4 3.4784E-5 2.67536E-5 3.45524E-5 2.97059E-5 3.05035E-5 7.9412E-5 3.68677E-5 2.34143E-5 1.77868E-5 3.01734E-5 3.58137E-5 1.96713E-5 2.3634E-5 2.98445E-5 3.87369E-5 3.72748E-5 5.49126E-5 3.42517E-5 2.20886E-5 5.07983E-5 5.06626E-5 4.78524E-5 9.89794E-5 1.61982E-4 1.45359E-4 1.81118E-4 1.26883E-4 1.46928E-4 2.78977E-4 3.72484E-4 4.03455E-4 5.82841E-4 5.30912E-4 3.52582E-4 1.93996E-4 9.26823E-5
3.59075E-4 4.23952E-4 3.31904E-4 2.41662E-4 2.08259E-4 2.18855E-4 1.34015E-4 1.02671E-4 1.50929E-4 1.77939E-4 9.3549E-5 1.46545E-4 1.24212E-4 1.43361E-4 7.60127E-5 1.14803E-4 2.27091E-4 6.50276E-5 1.89007E-4 1.54858E-4 1.78223E-4 1.55346E-4 5.96445E-5 8.4281E-5 1.95957E-4 7.45814E-5 3.16982E-5 5.51683E-5 9.72101E-5 2.46091E-4 2.07209E-4 1.04191E-4 2.76233E-5 3.14811E-5 1.11309E-4 1.6648E-4 7.87976E-5 2.80027E-5 2.02406E-5 2.48928E-5 3.35168E-5 3.84032E-5 2.55143E-5 3.13046E-5 3.68521E-5 2.33534E-5 2.24739E-5 2.81728E-5 3.10624E-5 3.2994E-5 3.48752E-5 5.16031E-5 4.04402E-5 5.13769E-5 5.02055E-5 3.66542E-5 1.789E-4 1.73059E-4 1.4848E-4 1.58434E-4 2.36521E-4 4.13472E-4 4.21115E-4 4.52683E-4 2.24905E-4 1.1444E-4 1.52035E-4 1.17432E-4
2.32114E-4 3.57929E-4 2.77488E-4 2.21299E-4 1.99785E-4 2.65976E-4 1.8929E-4 1.4753E-4 1.68219E-4 2.09598E-4 2.24597E-4 9.59981E-5 7.57099E-5 7.09143E-5 1.44396E-4 9.56884E-5 2.28447E-4 1.13544E-4 1.35093E-4 1.28683E-4 1.00599E-4 1.84022E-4 1.2027E-4 1.17071E-4 1.41307E-4 1.02147E-4 1.5022E-4 2.14018E-4 2.09721E-4 1.56072E-4 8.36184E-5 4.86314E-5 4.38672E-5 6.30656E-5 1.08794E-4 1.04506E-4 1.62308E-4 3.72518E-5 2.50325E-5 2.42083E-5 3.64183E-5 3.80372E-5 2.85809E-5 3.86256E-5 2.93478E-5 1.40258E-5 2.73794E-5 8.69616E-5 4.55486E-5 3.56137E-5 5.11086E-5 5.29242E-5 9.57392E-5 8.29294E-5 4.23505E-5 3.92452E-5 1.55626E-4 1.50877E-4 8.57373E-5 9.82449E-5 1.60666E-4 2.36347E-4 1.75118E-4 1.77745E-4 7.45861E-5 1.74073E-4 1.02986E-4 7.04973E-5
2.54112E-4 1.83278E-4 1.8295E-4 2.94848E-4 2.31113E-4 2.09777E-4 1.66914E-4 1.27068E-4 1.13543E-4 1.0089E-4 1.54581E-4 1.2173E-4 9.02497E-5 6.73297E-5 1.67626E-4 1.23253E-4 2.37312E-4 1.15171E-4 1.45665E-4 1.16316E-4 6.23337E-5 1.82113E-4 1.58347E-4 1.12556E-4 1.23347E-4 1.19069E-4 2.08854E-4 1.56399E-4 7.55207E-5 1.30732E-4 7.7817E-5 1.04084E-4 7.81354E-5 8.21952E-5 2.31023E-4 3.51208E-5 4.92137E-5 5.70696E-5 2.8501E-5 2.21782E-5 3.36916E-5 3.06457E-5 4.41794E-5 5.81706E-5 3.64005E-5 4.12828E-5 7.38559E-5 1.7539E-4 1.30056E-4 4.24234E-5 5.01431E-5 3.61412E-5 4.08128E-5 1.39849E-4 1.43646E-4 3.85054E-5 1.36056E-4 1.63291E-4 7.51335E-5 6.27174E-5 1.02765E-4 1.47303E-4 1.31926E-4 8.11409E-5 9.98278E-6 4.10064E-5 6.48553E-5 1.397E-5
2.72483E-4 2.17627E-4 1.7156E-4 2.38507E-4 2.99791E-4 2.13363E-4 1.7794E-4 1.34425E-4 7.05325E-5 1.04906E-4 9.44387E-5 1.56344E-4 7.32768E-5 8.63779E-5 1.47257E-4 1.8116E-4 1.27215E-4 5.66755E-5 5.64694E-5 1.01626E-4 9.16464E-5 1.40151E-4 2.40374E-4 1.397E-4 2.33074E-4 1.55248E-4 8.40193E-5 9.17618E-5 6.17482E-5 1.13475E-4 1.12117E-4 7.00327E-5 9.93822E-5 9.47489E-5 6.70207E-5 7.34789E-5 3.29014E-5 5.19335E-5 4.48328E-5 2.8464E-5 3.99568E-5 3.60702E-5 3.9814E-5 5.40691E-5 4.45949E-5 4.47752E-5 6.32676E-5 4.01107E-5 1.03484E-4 1.45102E-4 7.74392E-5 1.13281E-4 1.68227E-4 1.29364E-4 1.94772E-4 1.18823E-4 1.65271E-4 1.37236E-4 1.2813E-4 1.26145E-4 7.76149E-5 9.11352E-5 5.22089E-5 5.00303E-5 2.17535E-5 5.64237E-6 2.04566E-5 -9999
1.83783E-4 1.9458E-4 1.98982E-4 1.8829E-4 1.83068E-4 1.64823E-4 8.86427E-5 1.3016E-4 1.53977E-4 1.56345E-4 1.42755E-4 1.45434E-4 8.78416E-5 2.61371E-4 1.47311E-4 2.64334E-4 1.9963E-4 1.25763E-4 1.26049E-4 1.32612E-4 1.55653E-4 1.48781E-4 3.45218E-4 1.28646E-4 7.08932E-5 8.92156E-5 1.22766E-4 1.62135E-4 3.21734E-4 3.18379E-4 2.80706E-4 1.8689E-4 2.4115E-4 1.71079E-4 1.10954E-4 1.06112E-4 3.89319E-5 5.84981E-5 6.34185E-5 4.81168E-5 3.57728E-5 3.42418E-5 3.18543E-5 3.79715E-5 5.71692E-5 5.63242E-5 3.86531E-5 4.01262E-5 5.36621E-5 2.04156E-4 1.87453E-4 2.03476E-4 1.67055E-4 1.8077E-4 1.9107E-4 1.79828E-4 1.41256E-4 9.783E-5 9.99604E-5 7.05521E-5 4.60868E-5 3.72128E-5 2.12221E-5 8.552E-6 2.60984E-5 1.82067E-5 -9999 -9999
1.66103E-4 1.78696E-4 1.79983E-4 1.50787E-4 1.67552E-4 1.00452E-4 9.40812E-5 1.15866E-4 2.0108E-4 3.33292E-4 1.47169E-4 1.52411E-4 2.27602E-4 4.31724E-4 3.13535E-4 1.71075E-4 2.82127E-4 1.37919E-4 1.96786E-4 3.19361E-4 2.51246E-4 2.87392E-4 3.17893E-4 1.70084E-4 1.1046E-4 2.13302E-4 4.35257E-4 3.17892E-4 4.76444E-4 3.84588E-4 2.57484E-4 2.45671E-4 2.69581E-4 2.15644E-4 1.07296E-4 1.1021E-4 4.39057E-5 9.20993E-5 6.70263E-5 4.4606E-5 3.90874E-5 2.81272E-5 5.18549E-5 4.97161E-5 4.08425E-5 5.45898E-5 5.29322E-5 8.84722E-5 1.95449E-4 1.40326E-4 1.52695E-4 1.60558E-4 1.19696E-4 1.33851E-4 1.37648E-4 1.28327E-4 1.57868E-4 1.3826E-4 1.16233E-4 7.8007E-5 5.61045E-5 2.66571E-5 1.38395E-5 -9999 -9999 -9999 -9999 -9999
1.25611E-4 1.17738E-4 1.21216E-4 1.48651E-4 1.10095E-4 7.60945E-5 2.17709E-4 1.24079E-4 1.92149E-4 2.28285E-4 3.43152E-4 2.65604E-4 2.22368E-4 1.70826E-4 1.75682E-4 3.15036E-4 3.42305E-4 3.47017E-4 5.45105E-4 6.59659E-4 1.18573E-3 1.07712E-3 8.96903E-4 6.1916E-4 3.14455E-4 3.82648E-4 4.52164E-4 3.23009E-4 3.91726E-4 4.77344E-4 3.3267E-4 2.59603E-4 2.88593E-4 1.73059E-4 1.55803E-4 7.45994E-5 5.59929E-5 1.01142E-4 8.45531E-5 4.30609E-5 5.04476E-5 3.19218E-5 4.92836E-5 4.98204E-5 5.22934E-5 3.75285E-5 3.78027E-5 3.42882E-5 6.08123E-5 1.77377E-4 1.49331E-4 1.27231E-4 1.25139E-4 1.16263E-4 7.74732E-5 9.16771E-5 1.2103E-4 1.23581E-4 1.24015E-4 8.79899E-5 4.78323E-5 1.43905E-5 9.52641E-7 -9999 -9999 -9999 -9999 -9999
1.33111E-4 1.30998E-4 1.28289E-4 1.29113E-4 1.56892E-4 1.26983E-4 2.36026E-4 2.32786E-4 2.14265E-4 1.02219E-4 2.46997E-4 3.01166E-4 2.90036E-4 2.60203E-4 2.42298E-4 3.79148E-4 9.3116E-4 1.34684E-3 9.22758E-4 1.272E-3 1.23148E-3 1.55182E-3 1.69461E-3 1.48909E-3 7.60643E-4 6.90485E-4 5.07185E-4 4.7599E-4 3.93231E-4 3.14767E-4 3.35419E-4 2.67335E-4 1.97454E-4 1.53772E-4 1.67816E-4 6.68945E-5 1.04223E-4 9.64236E-5 8.39902E-5 1.14754E-4 7.17143E-5 4.62929E-5 4.39294E-5 4.49254E-5 3.71513E-5 7.70542E-5 1.84664E-4 1.79874E-4 1.3484E-4 1.24973E-4 1.59658E-4 1.45236E-4 1.20676E-4 1.15463E-4 4.48751E-5 3.69363E-5 5.62361E-5 6.0852E-5 6.25131E-5 4.56317E-5 3.68083E-5 3.06784E-5 9.13096E-6 -9999 -9999 -9999 -9999 -9999
2.0001E-4 1.70532E-4 1.67952E-4 3.48606E-4 2.13228E-4 1.44703E-4 2.2303E-4 2.25088E-4 1.38723E-4 8.99397E-5 2.13811E-4 1.57764E-4 1.71009E-4 2.88619E-4 6.02549E-4 1.7245E-3 3.02884E-3 3.14989E-3 2.4635E-3 2.07426E-3 2.09344E-3 2.3652E-3 2.14559E-3 1.69703E-3 1.16441E-3 8.52128E-4 6.57036E-4 6.62346E-4 3.99932E-4 3.54744E-4 2.98984E-4 2.64708E-4 2.41412E-4 2.23315E-4 1.68336E-4 1.35375E-4 1.38206E-4 1.3257E-4 1.12055E-4 9.43461E-5 1.05443E-4 7.69557E-5 9.54871E-5 5.4104E-5 9.9726E-5 1.75794E-4 1.52976E-4 1.06091E-4 1.02016E-4 1.47488E-4 2.04131E-4 1.01511E-4 4.88746E-5 2.51274E-5 2.50944E-5 1.33907E-5 1.21205E-5 1.3337E-5 2.04497E-5 2.82713E-5 2.13686E-5 1.97104E-5 -9999 -9999 -9999 -9999 -9999 -9999
3.05083E-4 3.88393E-4 3.93552E-4 4.82727E-4 3.88458E-4 3.0482E-4 2.08742E-4 2.08194E-4 1.55838E-4 7.64111E-5 1.58413E-4 1.91257E-4 6.28264E-4 9.40906E-4 2.18319E-3 2.72581E-3 2.75243E-3 2.59085E-3 2.52322E-3 2.32494E-3 2.25282E-3 2.60691E-3 2.46824E-3 1.49771E-3 9.85102E-4 1.09526E-3 9.56595E-4 6.01244E-4 2.30627E-4 3.74109E-4 1.0435E-3 4.46542E-4 3.31549E-4 1.03613E-4 1.29058E-4 2.1009E-4 1.32593E-4 2.24235E-4 1.26905E-4 1.29441E-4 1.25563E-4 1.69233E-4 1.62843E-4 1.60722E-4 1.42624E-4 1.51244E-4 1.4853E-4 1.31731E-4 1.76806E-4 1.13853E-4 6.9604E-5 5.28416E-5 5.37063E-6 1.51017E-5 3.21941E-5 7.53944E-6 -9999 3.54661E-6 1.41002E-5 2.09987E-5 -9999 -9999 -9999 -9999 -9999 -9999 -9999 -9999
6.5004E-4 7.31571E-4 4.96473E-4 4.65089E-4 4.34023E-4 3.3128E-4 3.93156E-4 2.15725E-4 1.25731E-4 2.60952E-4 6.92698E-4 1.38989E-3 3.99343E-3 3.70776E-3 2.62494E-3 2.22055E-3 1.85727E-3 1.86694E-3 1.56978E-3 2.25205E-3 2.12997E-3 2.2347E-3 1.93976E-3 1.33125E-3 6.95796E-4 1.24351E-3 1.02289E-3 7.61996E-4 5.50397E-4 8.21638E-4 8.70463E-4 4.29027E-4 1.6565E-4 1.35621E-4 2.33274E-4 3.1817E-4 1.94768E-4 1.91042E-4 1.13409E-4 1.54651E-4 2.45926E-4 2.98322E-4 1.41383E-4 1.37071E-4 7.75704E-5 8.59411E-5 1.13024E-4 4.45962E-5 1.50624E-5 9.36741E-6 3.06865E-6 5.87752E-6 1.07894E-5 1.31013E-5 7.92292E-6 2.23436E-6 -9999 -9999 -9999 -9999 -9999 -9999 -9999 -9999 -9999 -9999 -9999 -9999
9.71307E-4 8.79921E-4 5.03986E-4 7.51442E-4 5.58743E-4 4.32344E-4 5.37519E-4 7.02731E-4 6.6448E-4 1.4561E-3 5.75571E-3 3.3874E-3 3.33651E-3 2.85838E-3 2.13082E-3 1.99635E-3 2.03119E-3 1.81176E-3 1.77128E-3 1.60379E-3 1.64625E-3 1.88148E-3 1.32257E-3 1.25793E-3 1.56039E-3 9.29728E-4 1.23818E-3 8.58812E-4 7.7081E-4 1.26275E-3 6.21422E-4 2.41691E-4 3.05634E-4 2.56672E-4 2.6705E-4 3.45125E-4 3.88493E-4 1.63676E-4 1.56976E-4 2.07733E-4 1.64704E-4 1.99421E-4 1.29571E-4 1.44002E-4 1.00464E-4 1.21461E-4 1.91694E-4 1.5957E-4 1.61657E-5 1.81768E-5 1.67136E-5 3.71511E-5 4.99097E-5 2.59589E-5 2.92642E-6 1.87015E-6 -9999 -9999 -9999 -9999 -9999 -9999 -9999 -9999 -9999 -9999 -9999 -9999
2.10265E-3 1.08877E-3 7.54531E-4 4.66927E-4 9.20217E-4 1.63204E-3 2.77453E-3 8.34239E-3 3.57632E-3 2.84153E-3 3.34353E-3 2.92111E-3 2.79377E-3 2.48753E-3 2.01061E-3 1.82414E-3 1.52486E-3 1.27334E-3 1.01239E-3 1.17276E-3 1.06783E-3 7.9957E-4 1.99635E-3 1.74814E-3 1.98872E-3 1.19675E-3 9.8565E-4 7.51736E-4 1.5237E-3 3.78689E-4 5.57239E-4 3.1067E-4 3.43421E-4 6.66162E-4 3.89823E-4 2.77698E-4 2.61439E-4 1.66832E-4 2.3208E-4 2.09829E-4 1.83483E-4 8.35279E-5 1.16827E-4 3.30757E-4 1.93259E-4 1.43374E-4 7.65299E-5 4.4295E-5 2.25217E-5 1.61999E-5 3.95669E-5 5.18765E-5 1.58872E-5 8.48723E-6 1.74985E-6 1.58436E-6 -9999 -9999 -9999 -9999 -9999 -9999 -9999 -9999 -9999 -9999 -9999 -9999
3.66898E-3 4.03487E-3 1.54201E-3 1.53937E-3 3.37216E-3 9.60386E-3 1.37019E-2 9.82821E-3 7.07837E-3 2.55851E-3 2.23165E-3 2.12852E-3 2.15755E-3 1.8296E-3 1.60821E-3 1.2492E-3 1.17822E-3 1.27142E-3 6.8999E-4 8.40547E-4 1.0691E-3 9.13183E-4 1.71004E-3 1.36304E-3 1.05451E-3 7.50499E-4 9.65705E-4 1.73867E-3 5.00798E-4 1.10432E-4 4.58978E-4 9.52628E-4 6.72795E-4 6.51015E-4 6.38241E-4 2.64571E-4 4.07194E-4 1.87085E-4 1.9769E-4 2.38952E-4 1.81447E-4 2.62818E-4 3.97813E-4 1.62293E-4 3.21396E-5 2.01603E-5 7.1377E-5 1.59121E-4 4.74323E-5 2.06604E-5 1.27551E-5 1.00338E-5 8.8186E-6 5.47129E-6 3.98025E-6 -9999 -9999 -9999 -9999 -9999 -9999 -9999 -9999 -9999 -9999 -9999 -9999 -9999
9.15334E-3 5.17825E-3 2.1793E-3 5.644E-3 1.70203E-2 2.00387E-2 6.74263E-3 5.75678E-3 5.2289E-3 3.69658E-3 2.24899E-3 1.97817E-3 1.52702E-3 9.35966E-4 1.07293E-3 9.05824E-4 9.46539E-4 2.03432E-3 1.16779E-3 1.0759E-3 1.47272E-3 7.20237E-4 2.36049E-3 2.08828E-3 9.4384E-4 5.40219E-4 4.9797E-4 9.99946E-4 2.86545E-4 9.60107E-5 2.20867E-4 2.84382E-4 2.64518E-4 2.04995E-4 2.04181E-4 2.21978E-4 4.34579E-4 5.18047E-4 6.59049E-4 3.00937E-4 3.77633E-4 5.06914E-4 4.25969E-4 7.73257E-5 4.17292E-5 1.89676E-4 1.10126E-4 1.34506E-4 3.95964E-5 2.4835E-5 1.59377E-5 5.93801E-6 4.12309E-6 6.42729E-7 -9999 -9999 -9999 -9999 -9999 -9999 -9999 -9999 -9999 -9999 -9999 -9999 -9999 -9999
6.94195E-3 5.44504E-3 6.62351E-3 1.94295E-2 2.48631E-2 1.55412E-2 7.00535E-3 5.94234E-3 5.9365E-3 4.68904E-3 5.205E-3 5.77207E-3 5.63256E-3 2.39029E-3 1.62197E-3 1.63651E-3 1.37916E-3 2.22788E-3 1.11301E-3 1.36021E-3 9.40547E-4 1.46907E-3 1.44394E-3 1.2146E-3 1.17805E-3 1.46623E-3 1.47148E-3 1.08135E-3 4.7414E-4 1.23511E-4 5.20291E-5 4.4177E-5 3.72979E-5 3.54432E-5 3.77879E-5 4.02376E-5 6.26221E-5 1.83854E-4 1.52525E-4 5.35786E-5 8.42485E-5 4.45612E-4 1.42196E-4 1.98046E-5 1.85645E-5 1.63682E-5 3.79367E-5 1.75026E-4 1.29555E-4 5.63644E-5 1.89382E-5 1.23308E-5 -9999 -9999 -9999 -9999 -9999 -9999 -9999 -9999 -9999 -9999 -9999 -9999 -9999 -9999 -9999 -9999
1.63057E-2 1.35595E-2 1.49441E-2 2.06646E-2 1.77304E-2 8.59217E-3 1.15296E-2 2.08215E-2 8.76727E-3 6.95826E-3 1.57661E-2 9.68329E-3 7.983E-3 5.77055E-3 3.2616E-3 1.73484E-3 1.75857E-3 1.36489E-3 8.04856E-4 9.33417E-4 8.03379E-4 9.16168E-4 4.20036E-4 4.26742E-4 1.86768E-4 1.90799E-4 2.70421E-4 1.81514E-4 1.47216E-4 6.4834E-5 7.48248E-5 1.36978E-4 9.43936E-4 4.10945E-4 4.83571E-4 1.10527E-4 3.63259E-5 7.33072E-5 8.53184E-5 8.82608E-5 1.19275E-4 8.56093E-5 2.92383E-5 2.08369E-5 6.81329E-6 3.78804E-6 1.01733E-5 4.20043E-5 8.75624E-6 5.30833E-6 -9999 -9999 -9999 -9999 -9999 -9999 -9999 -9999 -9999 -9999 -9999 -9999 -9999 -9999 -9999 -9999 -9999 -9999
2.60208E-2 2.25038E-2 2.83126E-2 1.7312E-2 1.9614E-2 2.67533E-2 3.04898E-2 3.71329E-2 2.59248E-2 1.85862E-2 3.32965E-2 1.94865E-2 9.91551E-3 3.44343E-3 7.30077E-3 5.29124E-3 1.30375E-3 6.55761E-4 3.85997E-4 3.1598E-4 4.50503E-4 3.77281E-4 1.91817E-4 5.72886E-4 1.32196E-3 5.1485E-4 2.58473E-4 1.12097E-3 1.34245E-3 1.3365E-3 5.03809E-4 5.7245E-4 1.09062E-3 1.39878E-3 1.24614E-3 9.0877E-4 2.71107E-4 9.83956E-4 8.04029E-4 1.36755E-4 3.02024E-4 1.79833E-4 7.06366E-5 8.21235E-5 4.0838E-4 6.13167E-4 1.43441E-4 2.29859E-5 5.38603E-6 6.69542E-6 8.09284E-6 3.1952E-5 3.51716E-4 3.33555E-4 -9999 -9999 -9999 -9999 -9999 -9999 -9999 -9999 -9999 -9999 -9999 -9999 -9999 -9999
2.85995E-2 3.88724E-2 3.73978E-2 7.22005E-2 7.39462E-2 4.85621E-2 3.73778E-2 6.31865E-2 3.50483E-2 1.61034E-2 2.37791E-2 1.05085E-2 1.69278E-2 1.2206E-2 7.26347E-3 4.98856E-3 4.59993E-3 5.83088E-4 3.1449E-4 2.80247E-4 2.20055E-4 2.96679E-4 2.34413E-4 9.26237E-4 2.24597E-3 2.09513E-3 7.57083E-4 1.63553E-3 6.89247E-4 3.71704E-3 1.24669E-3 4.18498E-4 6.45995E-4 7.6545E-4 1.68616E-3 1.06304E-3 2.28563E-3 2.39805E-3 1.26319E-3 1.112E-3 3.8351E-4 4.87873E-4 5.87961E-4 1.51184E-3 3.25262E-4 3.20739E-4 5.43282E-5 5.95193E-5 4.36135E-6 3.14155E-5 1.81933E-5 2.32615E-5 7.67259E-5 1.51405E-4 6.12023E-5 8.96752E-6 -9999 -9999 1.20732E-4 1.74691E-5 5.22903E-5 4.91885E-5 7.1385E-6 2.64663E-6 9.21758E-6 2.56513E-5 2.45672E-5 6.60587E-5
2.50928E-2 1.82581E-2 2.34396E-2 3.44775E-2 1.0113E-1 7.04862E-2 7.053E-2 4.5166E-2 2.42529E-2 1.72521E-2 1.26766E-2 1.61726E-2 2.21743E-2 2.27668E-2 1.76302E-2 1.79029E-2 8.87698E-3 1.42182E-3 7.78443E-4 9.39988E-4 7.23648E-4 1.19507E-3 1.39248E-3 2.71306E-3 2.54014E-3 2.48328E-3 5.65112E-3 3.00784E-3 1.05584E-3 1.5055E-3 1.52804E-3 1.15121E-3 1.76747E-3 1.3799E-3 1.26364E-3 1.44983E-3 1.46608E-3 1.82279E-3 2.89516E-3 2.66503E-3 3.00408E-3 2.10584E-3 3.98427E-3 8.05778E-4 9.87128E-4 8.31157E-4 6.09029E-4 1.94357E-3 1.45937E-3 8.2293E-4 1.57038E-4 8.57967E-5 5.59448E-5 4.44112E-5 2.12765E-5 2.43276E-5 4.77268E-5 4.24806E-4 6.23428E-4 3.28168E-4 3.45201E-4 1.27343E-4 1.19823E-5 1.18354E-5 2.33032E-5 5.06334E-5 8.92114E-5 1.00938E-4
2.78371E-2 3.00236E-2 4.35208E-2 4.32401E-2 5.16605E-2 4.55015E-2 4.1631E-2 3.9843E-2 3.8513E-2 3.67775E-2 3.49307E-2 1.85311E-2 2.73009E-2 3.70575E-2 6.20654E-2 2.63807E-2 8.50414E-3 6.92236E-3 1.83856E-3 3.39496E-3 2.23574E-3 3.12733E-3 2.08851E-3 1.50932E-3 1.14973E-3 2.07758E-3 4.96172E-3 3.04956E-3 2.79096E-3 5.01965E-3 5.84974E-3 5.74461E-3 8.96537E-3 5.78577E-3 4.99541E-3 3.19069E-3 2.4645E-3 5.92576E-3 7.17729E-3 5.32932E-3 3.39529E-3 1.82837E-3 1.99498E-3 2.64805E-3 1.64064E-3 3.54847E-3 4.95097E-3 2.05129E-3 1.11204E-3 7.8454E-4 1.04743E-3 3.81955E-3 2.87716E-3 2.98062E-3 2.06509E-3 1.03391E-3 1.02678E-3 7.92322E-4 1.33713E-3 9.96035E-4 5.95638E-4 9.80434E-5 3.25378E-5 4.42587E-5 2.73231E-5 1.07332E-5 4.06709E-6 -9999
4.24013E-2 2.39284E-2 1.72616E-2 2.4342E-2 3.91633E-2 4.33569E-2 2.98382E-2 4.20191E-2 3.58907E-2 3.4903E-2 3.43794E-2 2.24238E-2 2.60796E-2 3.87093E-2 8.25553E-2 4.24952E-2 1.3197E-2 4.77463E-3 3.36631E-3 4.12046E-3 2.96483E-3 1.07641E-3 1.79797E-3 2.12506E-3 3.51728E-3 8.00635E-3 7.94074E-3 5.27892E-3 8.37845E-3 7.40106E-3 1.14744E-2 1.18361E-2 1.33044E-2 9.88581E-3 7.83971E-3 3.6737E-3 2.41194E-3 6.48063E-3 9.08566E-3 5.18949E-3 5.14795E-3 3.05146E-3 5.37202E-3 5.80851E-3 6.25268E-3 1.84395E-3 2.30592E-3 3.00813E-3 6.39589E-3 6.60265E-3 3.52943E-3 2.42404E-3 2.06832E-3 3.4448E-3 2.75284E-3 3.31749E-3 2.642E-3 2.95714E-3 1.70354E-3 1.88031E-3 1.39874E-3 9.84861E-4 6.3896E-4 5.19841E-4 1.8909E-4 4.17563E-5 9.99726E-6 5.08456E-6
2.85989E-2 3.18091E-2 2.88894E-2 3.61153E-2 3.27006E-2 3.44929E-2 3.79548E-2 3.79692E-2 2.97097E-2 3.86384E-2 2.26631E-2 2.80018E-2 2.88875E-2 4.83531E-2 5.04989E-2 6.04845E-2 1.45737E-2 1.9849E-3 1.49426E-3 1.69718E-3 2.6981E-3 2.41777E-3 2.05718E-3 3.01407E-3 6.67349E-3 7.96952E-3 1.0685E-2 6.46152E-3 1.10335E-2 1.42754E-2 9.73791E-3 6.53847E-3 7.66315E-3 7.79199E-3 1.00261E-2 7.60867E-3 8.04986E-3 6.82795E-3 7.00589E-3 8.52198E-3 2.12974E-2 1.47456E-2 1.01862E-2 4.83626E-3 3.60236E-3 2.29329E-3 3.59506E-3 5.72864E-3 6.74598E-3 5.77475E-3 8.07775E-3 1.53716E-2 1.56525E-2 9.98E-3 7.63228E-3 5.03314E-3 3.60749E-3 4.01124E-3 2.48268E-3 1.67946E-3 1.19271E-3 6.69352E-4 4.06654E-4 3.78085E-4 5.22676E-4 6.63134E-4 2.91822E-4 7.23371E-5
2.71795E-2 4.58259E-2 5.7558E-2 5.07644E-2 6.15245E-2 4.85453E-2 4.91315E-2 5.63781E-2 5.85599E-2 4.5911E-2 4.47882E-2 2.79977E-2 2.98464E-2 3.08734E-2 2.35818E-2 3.0849E-2 1.16278E-2 4.49628E-3 4.58823E-3 4.49764E-3 4.25472E-3 3.88617E-3 2.47097E-3 3.05543E-3 9.86481E-3 1.20818E-2 1.41996E-2 9.64985E-3 9.48539E-3 1.53133E-2 7.8305E-3 8.05881E-3 8.19473E-3 8.25141E-3 9.53149E-3 1.88363E-2 2.91147E-2 2.0608E-2 2.09534E-2 2.28709E-2 1.31753E-2 5.32182E-3 3.06719E-3 3.51145E-3 8.48033E-3 1.75181E-2 1.48905E-2 1.61064E-2 1.7574E-2 1.21929E-2 7.39765E-3 7.71255E-3 6.01972E-3 9.18901E-3 1.07547E-2 1.72855E-2 4.35842E-3 8.42382E-3 6.34455E-3 5.18744E-3 2.84853E-3 1.31304E-3 1.0776E-3 3.74511E-4 2.54571E-4 1.72175E-4 1.65285E-4 1.71059E-4
4.63896E-2 4.07547E-2 3.11215E-2 3.98082E-2 6.13133E-2 5.10173E-2 4.84176E-2 5.01168E-2 5.16408E-2 4.93352E-2 4.9628E-2 6.29448E-2 7.40443E-2 4.53509E-2 3.1313E-2 2.15387E-2 2.30545E-2 7.08665E-3 3.15871E-3 2.73906E-3 1.98415E-3 2.07354E-3 1.99098E-3 2.05188E-3 3.97557E-3 1.29216E-2 1.35897E-2 6.11517E-3 1.06525E-2 1.28936E-2 7.1605E-3 6.44009E-3 8.21843E-3 9.158E-3 1.62507E-2 1.3549E-2 1.25796E-2 8.1727E-3 1.10026E-2 1.68005E-2 1.75168E-2 1.26742E-2 3.76342E-2 2.02532E-2 2.77966E-2 2.52336E-2 2.78228E-2 1.25037E-2 1.80484E-2 1.80899E-2 1.76646E-2 2.1144E-2 2.29718E-2 2.43565E-2 1.94255E-2 1.39923E-2 5.94079E-3 8.36524E-3 8.21018E-3 6.67492E-3 3.0315E-3 2.47238E-3 1.76963E-3 1.14065E-3 4.92552E-4 4.75151E-4 1.22429E-4 -9999
4.30679E-2 3.79121E-2 3.45107E-2 4.3185E-2 5.32549E-2 5.58044E-2 3.94919E-2 6.57522E-2 3.99281E-2 3.18285E-2 2.8872E-2 4.13148E-2 5.90933E-2 4.99676E-2 5.17582E-2 4.75472E-2 3.94282E-2 1.60029E-2 1.58378E-3 1.15106E-3 8.14158E-4 1.0763E-3 8.12271E-4 1.04463E-3 2.27196E-3 3.32151E-3 3.64718E-3 2.60529E-3 3.47312E-3 9.47599E-3 8.57728E-3 1.13597E-2 1.55446E-2 2.14422E-2 2.20099E-2 2.02069E-2 1.30093E-2 1.3034E-2 2.25252E-2 2.82624E-2 2.453E-2 3.22937E-2 3.29901E-2 2.31448E-2 1.9353E-2 2.14943E-2 3.64425E-2 2.50151E-2 5.45974E-2 5.55644E-2 3.81547E-2 5.12172E-2 2.24324E-2 2.68131E-2 2.77537E-2 2.40129E-2 5.50942E-3 5.6371E-3 3.85111E-3 3.80683E-3 2.674E-3 2.99053E-3 1.19289E-3 1.63697E-3 6.30798E-4 1.56988E-3 -9999 -9999
